                    mean se_mean   sd      2.5%       25%       50%       75%     97.5% n_eff Rhat
a_prior[1]          0.00    0.00 0.01     -0.02     -0.01      0.00      0.01      0.02  1888 1.00
a_prior[2]          0.00    0.00 0.01     -0.02     -0.01      0.00      0.01      0.02  2000 1.00
a_prior[3]          0.00    0.00 0.01     -0.02     -0.01      0.00      0.01      0.02  1932 1.00
a2[1]               0.01    0.02 0.02     -0.03     -0.01      0.01      0.03      0.04     1 2.88
a2[2]               0.01    0.02 0.02     -0.03     -0.01      0.01      0.03      0.04     1 2.83
a2[3]              -0.01    0.00 0.01     -0.03     -0.02     -0.01     -0.01      0.00  1665 1.00
a_trans[1,1]        0.00    0.00 0.01     -0.02     -0.01      0.00      0.01      0.02  2000 1.00
a_trans[1,2]        0.00    0.00 0.01     -0.02     -0.01      0.00      0.01      0.02  2000 1.00
a_trans[1,3]        0.00    0.00 0.01     -0.02     -0.01      0.00      0.01      0.02  2000 1.00
a_trans[2,1]        0.00    0.00 0.01     -0.02     -0.01      0.00      0.01      0.02  2000 1.00
a_trans[2,2]        0.00    0.00 0.01     -0.02     -0.01      0.00      0.01      0.02  2000 1.00
a_trans[2,3]        0.00    0.00 0.01     -0.02     -0.01      0.00      0.01      0.02  2000 1.00
a_trans[3,1]        0.00    0.00 0.01     -0.02     -0.01      0.00      0.01      0.02  2000 1.00
a_trans[3,2]        0.00    0.00 0.01     -0.02     -0.01      0.00      0.01      0.02  1916 1.00
a_trans[3,3]        0.00    0.00 0.01     -0.02     -0.01      0.00      0.01      0.02  2000 1.00
a4[1]               0.01    0.04 0.04     -0.04     -0.03      0.01      0.06      0.07     1 6.63
a4[2]               0.01    0.04 0.04     -0.04     -0.03      0.02      0.06      0.07     1 6.76
a4[3]              -0.03    0.00 0.01     -0.04     -0.03     -0.03     -0.02     -0.01  1416 1.00
a_outcome[1,1]      0.06    0.05 0.05     -0.01      0.01      0.06      0.10      0.12     1 5.67
a_outcome[1,2]      0.03    0.03 0.03     -0.02      0.00      0.03      0.06      0.08     1 4.00
a_outcome[1,3]      0.01    0.01 0.02     -0.02      0.00      0.01      0.02      0.04     1 1.58
a_outcome[1,4]     -0.04    0.04 0.04     -0.09     -0.07     -0.04      0.00      0.01     1 4.18
a_outcome[1,5]     -0.02    0.02 0.02     -0.05     -0.03     -0.02      0.00      0.01     1 2.26
a_outcome[1,6]      0.04    0.04 0.04     -0.02      0.00      0.05      0.09      0.10     1 5.23
a_outcome[1,7]     -0.01    0.02 0.02     -0.04     -0.03     -0.01      0.00      0.02     1 1.92
a_outcome[1,8]     -0.04    0.03 0.03     -0.09     -0.07     -0.04      0.00      0.01     1 3.99
a_outcome[1,9]     -0.04    0.04 0.04     -0.09     -0.08     -0.04      0.00      0.01     1 4.12
a_outcome[2,1]      0.06    0.05 0.05     -0.01      0.01      0.06      0.10      0.12     1 5.88
a_outcome[2,2]      0.03    0.03 0.03     -0.02      0.00      0.03      0.06      0.08     1 3.90
a_outcome[2,3]      0.01    0.01 0.01     -0.02      0.00      0.01      0.02      0.04     1 1.67
a_outcome[2,4]     -0.04    0.04 0.04     -0.09     -0.07     -0.04      0.00      0.01     1 4.15
a_outcome[2,5]     -0.02    0.02 0.02     -0.05     -0.03     -0.02      0.00      0.02     1 2.14
a_outcome[2,6]      0.05    0.04 0.05     -0.02      0.00      0.05      0.09      0.10     1 5.15
a_outcome[2,7]     -0.01    0.02 0.02     -0.04     -0.03     -0.01      0.00      0.02     1 1.96
a_outcome[2,8]     -0.04    0.03 0.03     -0.08     -0.07     -0.04      0.00      0.01     1 4.01
a_outcome[2,9]     -0.04    0.04 0.04     -0.09     -0.07     -0.04      0.00      0.01     1 4.32
a_outcome[3,1]      0.01    0.00 0.01     -0.01      0.00      0.01      0.02      0.03  1740 1.00
a_outcome[3,2]      0.00    0.00 0.01     -0.02     -0.01      0.00      0.01      0.02  2000 1.00
a_outcome[3,3]      0.00    0.00 0.01     -0.02     -0.01      0.00      0.01      0.02  2000 1.00
a_outcome[3,4]      0.00    0.00 0.01     -0.02     -0.01      0.00      0.00      0.02  2000 1.00
a_outcome[3,5]      0.00    0.00 0.01     -0.02     -0.01      0.00      0.01      0.02  2000 1.00
a_outcome[3,6]      0.00    0.00 0.01     -0.02     -0.01      0.00      0.01      0.02  2000 1.00
a_outcome[3,7]      0.00    0.00 0.01     -0.02      0.00      0.00      0.01      0.02  2000 1.00
a_outcome[3,8]      0.00    0.00 0.01     -0.02     -0.01      0.00      0.00      0.02  2000 1.00
a_outcome[3,9]      0.00    0.00 0.01     -0.02     -0.01      0.00      0.00      0.02  2000 1.00
b_accos_out[1]      0.22    0.00 0.00      0.21      0.21      0.22      0.22      0.23  1039 1.00
b_accos_out[2]      0.18    0.00 0.01      0.17      0.17      0.18      0.18      0.19  1282 1.00
b_accos_out[3]      0.06    0.00 0.01      0.04      0.05      0.06      0.06      0.07  2000 1.00
b_accos_out[4]     -0.20    0.00 0.01     -0.21     -0.20     -0.20     -0.19     -0.18  2000 1.00
b_accos_out[5]     -0.07    0.00 0.01     -0.08     -0.07     -0.07     -0.06     -0.05  2000 1.00
b_accos_out[6]      0.18    0.00 0.01      0.17      0.18      0.18      0.19      0.19  1163 1.00
b_accos_out[7]      0.03    0.00 0.01      0.01      0.02      0.03      0.03      0.04  2000 1.00
b_accos_out[8]     -0.19    0.00 0.01     -0.21     -0.20     -0.19     -0.19     -0.18  2000 1.00
b_accos_out[9]     -0.20    0.00 0.01     -0.22     -0.21     -0.20     -0.20     -0.19  2000 1.00
lp__           -32159.92    0.18 5.06 -32170.57 -32163.37 -32159.72 -32156.28 -32150.75   757 1.00