                    mean se_mean   sd      2.5%       25%       50%       75%     97.5% n_eff Rhat
a_prior[1]          0.00    0.00 0.01     -0.02     -0.01      0.00      0.01      0.02  1574    1
a_prior[2]          0.00    0.00 0.01     -0.02     -0.01      0.00      0.01      0.02  1692    1
a_prior[3]          0.00    0.00 0.01     -0.02     -0.01      0.00      0.01      0.02  1321    1
a2[1]              -0.01    0.00 0.01     -0.03     -0.02     -0.01     -0.01      0.00  1879    1
a2[2]               0.03    0.00 0.01      0.01      0.02      0.03      0.03      0.04  2000    1
a2[3]              -0.01    0.00 0.01     -0.03     -0.02     -0.01     -0.01      0.00  1710    1
a_trans[1,1]        0.00    0.00 0.01     -0.02     -0.01      0.00      0.01      0.02  2000    1
a_trans[1,2]        0.00    0.00 0.01     -0.02     -0.01      0.00      0.01      0.02  1835    1
a_trans[1,3]        0.00    0.00 0.01     -0.02     -0.01      0.00      0.01      0.02  1490    1
a_trans[2,1]        0.00    0.00 0.01     -0.02     -0.01      0.00      0.01      0.02  1632    1
a_trans[2,2]        0.00    0.00 0.01     -0.02     -0.01      0.00      0.01      0.02  1782    1
a_trans[2,3]        0.00    0.00 0.01     -0.02     -0.01      0.00      0.01      0.02  1847    1
a_trans[3,1]        0.00    0.00 0.01     -0.02     -0.01      0.00      0.01      0.02  2000    1
a_trans[3,2]        0.00    0.00 0.01     -0.02     -0.01      0.00      0.01      0.02  1977    1
a_trans[3,3]        0.00    0.00 0.01     -0.02     -0.01      0.00      0.01      0.02  1649    1
a4[1]              -0.03    0.00 0.01     -0.05     -0.03     -0.03     -0.02     -0.01  1306    1
a4[2]               0.06    0.00 0.01      0.04      0.05      0.06      0.06      0.07  1151    1
a4[3]              -0.03    0.00 0.01     -0.04     -0.03     -0.03     -0.02     -0.01  1396    1
a_outcome[1,1]      0.01    0.00 0.01     -0.01      0.00      0.01      0.02      0.03  1424    1
a_outcome[1,2]      0.00    0.00 0.01     -0.02     -0.01      0.00      0.01      0.02  1788    1
a_outcome[1,3]      0.00    0.00 0.01     -0.02     -0.01      0.00      0.01      0.02  1818    1
a_outcome[1,4]      0.00    0.00 0.01     -0.02     -0.01      0.00      0.00      0.02  1936    1
a_outcome[1,5]      0.00    0.00 0.01     -0.02     -0.01      0.00      0.00      0.02  1551    1
a_outcome[1,6]      0.00    0.00 0.01     -0.02     -0.01      0.00      0.01      0.02  2000    1
a_outcome[1,7]      0.00    0.00 0.01     -0.02      0.00      0.00      0.01      0.02  1793    1
a_outcome[1,8]      0.00    0.00 0.01     -0.02     -0.01      0.00      0.00      0.02  1656    1
a_outcome[1,9]      0.00    0.00 0.01     -0.02     -0.01      0.00      0.00      0.02  2000    1
a_outcome[2,1]      0.10    0.00 0.01      0.08      0.10      0.10      0.11      0.12  1640    1
a_outcome[2,2]      0.06    0.00 0.01      0.04      0.05      0.06      0.07      0.08  1725    1
a_outcome[2,3]      0.02    0.00 0.01      0.00      0.02      0.02      0.03      0.04  1925    1
a_outcome[2,4]     -0.07    0.00 0.01     -0.09     -0.08     -0.07     -0.07     -0.05  1487    1
a_outcome[2,5]     -0.04    0.00 0.01     -0.05     -0.04     -0.04     -0.03     -0.02  1693    1
a_outcome[2,6]      0.09    0.00 0.01      0.07      0.08      0.09      0.09      0.11  1570    1
a_outcome[2,7]     -0.03    0.00 0.01     -0.04     -0.03     -0.03     -0.02     -0.01  1623    1
a_outcome[2,8]     -0.07    0.00 0.01     -0.09     -0.08     -0.07     -0.06     -0.05  2000    1
a_outcome[2,9]     -0.07    0.00 0.01     -0.09     -0.08     -0.07     -0.07     -0.06  1810    1
a_outcome[3,1]      0.01    0.00 0.01     -0.01      0.00      0.01      0.02      0.03  1412    1
a_outcome[3,2]      0.00    0.00 0.01     -0.02     -0.01      0.00      0.01      0.02  2000    1
a_outcome[3,3]      0.00    0.00 0.01     -0.02     -0.01      0.00      0.01      0.02  1904    1
a_outcome[3,4]      0.00    0.00 0.01     -0.02     -0.01      0.00      0.00      0.02  1522    1
a_outcome[3,5]      0.00    0.00 0.01     -0.02     -0.01      0.00      0.00      0.02  1768    1
a_outcome[3,6]      0.00    0.00 0.01     -0.02     -0.01      0.00      0.01      0.02  2000    1
a_outcome[3,7]      0.00    0.00 0.01     -0.02      0.00      0.00      0.01      0.02  1865    1
a_outcome[3,8]      0.00    0.00 0.01     -0.02     -0.01      0.00      0.00      0.02  2000    1
a_outcome[3,9]      0.00    0.00 0.01     -0.02     -0.01      0.00      0.00      0.02  1569    1
b_accos_out[1]      0.22    0.00 0.01      0.21      0.21      0.22      0.22      0.23   882    1
b_accos_out[2]      0.18    0.00 0.01      0.17      0.17      0.18      0.18      0.19   981    1
b_accos_out[3]      0.06    0.00 0.01      0.04      0.05      0.06      0.06      0.07  1358    1
b_accos_out[4]     -0.20    0.00 0.01     -0.21     -0.20     -0.20     -0.19     -0.18  1746    1
b_accos_out[5]     -0.07    0.00 0.01     -0.08     -0.07     -0.07     -0.06     -0.05  2000    1
b_accos_out[6]      0.18    0.00 0.01      0.17      0.18      0.18      0.19      0.19   963    1
b_accos_out[7]      0.03    0.00 0.01      0.01      0.02      0.03      0.03      0.04  1377    1
b_accos_out[8]     -0.19    0.00 0.01     -0.21     -0.20     -0.19     -0.19     -0.18  1872    1
b_accos_out[9]     -0.20    0.00 0.01     -0.22     -0.21     -0.20     -0.20     -0.19  1780    1
lp__           -32159.68    0.19 5.13 -32170.18 -32162.82 -32159.43 -32156.09 -32150.67   719    1