Inference for Stan model: phi_accos_no_prior_thres.
1 chains, each with iter=200; warmup=100; thin=1; 
post-warmup draws per chain=100, total post-warmup draws=100.

                      mean se_mean    sd     2.5%      25%      50%      75%    97.5% n_eff Rhat
phi_alpha[1,1]        0.09    0.01  0.08    -0.05     0.03     0.09     0.14     0.28    95 0.99
phi_alpha[1,2]        0.02    0.01  0.10    -0.19    -0.06     0.02     0.09     0.20   100 0.99
phi_alpha[1,3]       -0.02    0.01  0.10    -0.21    -0.09    -0.02     0.06     0.17   100 1.00
phi_alpha[1,4]       -0.04    0.01  0.13    -0.27    -0.13    -0.03     0.04     0.20   100 0.99
phi_alpha[1,5]       -0.02    0.01  0.10    -0.20    -0.10    -0.01     0.06     0.15   100 1.00
phi_alpha[1,6]       -0.01    0.01  0.11    -0.22    -0.09    -0.01     0.07     0.23   100 0.99
phi_alpha[1,7]        0.03    0.01  0.10    -0.19    -0.01     0.03     0.09     0.23   100 1.00
phi_alpha[1,8]       -0.03    0.01  0.10    -0.25    -0.10    -0.03     0.04     0.14   100 0.99
phi_alpha[2,1]        0.07    0.01  0.09    -0.11     0.01     0.07     0.13     0.26   100 1.00
phi_alpha[2,2]        0.02    0.01  0.11    -0.18    -0.05     0.04     0.08     0.19   100 0.99
phi_alpha[2,3]        0.00    0.01  0.11    -0.19    -0.09     0.01     0.09     0.17   100 1.00
phi_alpha[2,4]       -0.05    0.01  0.10    -0.24    -0.13    -0.06     0.03     0.13   100 1.01
phi_alpha[2,5]       -0.03    0.01  0.09    -0.19    -0.09    -0.03     0.03     0.13   100 0.99
phi_alpha[2,6]        0.00    0.01  0.08    -0.19    -0.05     0.00     0.05     0.14   100 0.99
phi_alpha[2,7]        0.00    0.01  0.10    -0.18    -0.06     0.01     0.07     0.20   100 0.99
phi_alpha[2,8]       -0.04    0.01  0.10    -0.23    -0.10    -0.04     0.05     0.14   100 0.99
phi_alpha[3,1]        0.49    0.01  0.07     0.38     0.45     0.49     0.55     0.64   100 0.99
phi_alpha[3,2]        0.32    0.01  0.09     0.19     0.24     0.31     0.39     0.49   100 0.99
phi_alpha[3,3]        0.10    0.01  0.09    -0.08     0.05     0.10     0.15     0.28   100 1.01
phi_alpha[3,4]       -0.46    0.01  0.08    -0.63    -0.51    -0.46    -0.41    -0.27   100 0.99
phi_alpha[3,5]       -0.24    0.01  0.06    -0.37    -0.28    -0.25    -0.21    -0.11   100 1.01
phi_alpha[3,6]        0.37    0.01  0.10     0.21     0.30     0.38     0.43     0.57   100 0.99
phi_alpha[3,7]       -0.12    0.01  0.10    -0.31    -0.17    -0.11    -0.04     0.07   100 0.99
phi_alpha[3,8]       -0.46    0.01  0.08    -0.60    -0.52    -0.45    -0.40    -0.30   100 0.99
phi_beta_accos[1]     0.45    0.01  0.06     0.35     0.41     0.45     0.48     0.59   100 0.99
phi_beta_accos[2]     0.39    0.01  0.06     0.28     0.35     0.39     0.42     0.51   100 1.00
phi_beta_accos[3]     0.05    0.01  0.07    -0.10     0.00     0.04     0.09     0.18   100 0.99
phi_beta_accos[4]    -0.52    0.01  0.09    -0.73    -0.57    -0.53    -0.46    -0.35   100 1.00
phi_beta_accos[5]    -0.23    0.01  0.08    -0.39    -0.29    -0.23    -0.19    -0.09   100 0.99
phi_beta_accos[6]     0.36    0.01  0.06     0.27     0.32     0.36     0.41     0.49   100 1.00
phi_beta_accos[7]     0.05    0.01  0.06    -0.05     0.00     0.05     0.09     0.18   100 0.99
phi_beta_accos[8]    -0.51    0.01  0.08    -0.66    -0.57    -0.51    -0.45    -0.37   100 1.00
theta_alpha          -0.01    0.01  0.09    -0.16    -0.08    -0.02     0.06     0.17   100 0.99
theta_beta_age        0.19    0.01  0.08     0.10     0.13     0.17     0.22     0.41    40 1.02
theta_beta_tl         0.01    0.01  0.09    -0.20    -0.04     0.02     0.08     0.19   100 0.99
theta_beta_nth        0.01    0.01  0.09    -0.18    -0.04     0.01     0.06     0.18   100 0.99
thres[1]             -0.06    0.01  0.04    -0.15    -0.09    -0.06    -0.03     0.02    35 1.02
thres[2]              0.00    0.01  0.04    -0.09    -0.03     0.00     0.03     0.09    26 1.04
thres[3]              0.05    0.03  0.06    -0.05     0.01     0.05     0.09     0.19     6 1.47
log_prob          -2342.09    0.76  7.57 -2356.31 -2347.06 -2341.71 -2337.86 -2328.28   100 0.99
aic                4822.18    1.51 15.14  4794.57  4813.72  4821.42  4832.12  4850.61   100 0.99
bic                5049.77    1.51 15.14  5022.15  5041.30  5049.00  5059.70  5078.20   100 0.99
lp__              -2470.78    0.68  4.36 -2479.50 -2473.92 -2470.97 -2467.61 -2463.28    41 1.03

Samples were drawn using NUTS(diag_e) at Wed Dec 03 01:37:59 2014.
For each parameter, n_eff is a crude measure of effective sample size,
and Rhat is the potential scale reduction factor on split chains (at 
convergence, Rhat=1).
Inference for Stan model: phi_accos_tl.
1 chains, each with iter=200; warmup=100; thin=1; 
post-warmup draws per chain=100, total post-warmup draws=100.

                      mean se_mean    sd     2.5%      25%      50%      75%    97.5% n_eff Rhat
phi_alpha[1,1]        0.43    0.01  0.08     0.27     0.39     0.43     0.48     0.60    96 0.99
phi_alpha[1,2]        0.35    0.01  0.08     0.17     0.31     0.36     0.40     0.50   100 1.00
phi_alpha[1,3]       -0.25    0.01  0.08    -0.39    -0.30    -0.25    -0.20    -0.10    77 0.99
phi_alpha[1,4]       -0.35    0.01  0.08    -0.51    -0.40    -0.34    -0.30    -0.22    63 1.02
phi_alpha[1,5]       -0.24    0.01  0.08    -0.40    -0.30    -0.25    -0.17    -0.10    88 0.99
phi_alpha[1,6]        0.53    0.01  0.08     0.39     0.47     0.52     0.58     0.68    80 0.99
phi_alpha[1,7]       -0.12    0.01  0.09    -0.28    -0.19    -0.12    -0.06     0.07   100 0.99
phi_alpha[1,8]       -0.33    0.01  0.10    -0.51    -0.38    -0.33    -0.27    -0.10    73 1.00
phi_alpha[2,1]        0.02    0.01  0.10    -0.16    -0.04     0.01     0.07     0.20   100 0.99
phi_alpha[2,2]        0.02    0.01  0.09    -0.15    -0.05     0.03     0.08     0.20    89 0.99
phi_alpha[2,3]       -0.02    0.01  0.08    -0.20    -0.06    -0.01     0.04     0.14    88 1.00
phi_alpha[2,4]        0.00    0.01  0.10    -0.21    -0.07     0.01     0.07     0.19   100 1.02
phi_alpha[2,5]       -0.01    0.01  0.10    -0.17    -0.07     0.00     0.05     0.15    73 1.03
phi_alpha[2,6]        0.00    0.01  0.10    -0.16    -0.08    -0.01     0.07     0.20    75 1.00
phi_alpha[2,7]        0.02    0.01  0.10    -0.12    -0.04     0.02     0.09     0.20    99 1.00
phi_alpha[2,8]       -0.02    0.01  0.11    -0.23    -0.10    -0.01     0.05     0.19    80 1.00
phi_alpha[3,1]        0.03    0.01  0.09    -0.13    -0.04     0.04     0.09     0.20    73 1.03
phi_alpha[3,2]       -0.02    0.01  0.10    -0.23    -0.09    -0.01     0.05     0.16    60 1.00
phi_alpha[3,3]        0.01    0.01  0.11    -0.20    -0.06     0.01     0.09     0.21    54 0.99
phi_alpha[3,4]       -0.01    0.02  0.10    -0.19    -0.06     0.00     0.05     0.15    42 1.00
phi_alpha[3,5]       -0.01    0.01  0.10    -0.22    -0.06    -0.01     0.06     0.16    86 1.03
phi_alpha[3,6]       -0.01    0.02  0.10    -0.19    -0.08     0.00     0.06     0.19    39 1.04
phi_alpha[3,7]        0.00    0.01  0.09    -0.15    -0.06     0.00     0.06     0.17   100 0.99
phi_alpha[3,8]        0.00    0.01  0.11    -0.20    -0.07    -0.01     0.06     0.20    76 0.99
phi_beta_accos[1]     0.34    0.01  0.06     0.23     0.30     0.34     0.37     0.44   100 0.99
phi_beta_accos[2]     0.36    0.01  0.06     0.25     0.33     0.36     0.40     0.49   100 1.00
phi_beta_accos[3]    -0.24    0.01  0.08    -0.39    -0.29    -0.23    -0.19    -0.11   100 0.99
phi_beta_accos[4]    -0.35    0.01  0.11    -0.58    -0.42    -0.35    -0.27    -0.17    95 0.99
phi_beta_accos[5]    -0.19    0.01  0.09    -0.36    -0.24    -0.19    -0.13    -0.03   100 1.00
phi_beta_accos[6]     0.42    0.01  0.08     0.29     0.36     0.42     0.48     0.56   100 0.99
phi_beta_accos[7]     0.01    0.01  0.08    -0.13    -0.05     0.01     0.06     0.16   100 0.99
phi_beta_accos[8]    -0.37    0.01  0.09    -0.51    -0.43    -0.38    -0.31    -0.20    97 0.99
phi_beta_tl[1]        0.23    0.01  0.07     0.09     0.18     0.23     0.29     0.39   100 0.99
phi_beta_tl[2]        0.05    0.01  0.06    -0.06     0.00     0.05     0.09     0.17   100 1.01
phi_beta_tl[3]        0.66    0.01  0.08     0.50     0.62     0.66     0.71     0.80    61 1.01
phi_beta_tl[4]       -0.43    0.01  0.09    -0.64    -0.49    -0.44    -0.38    -0.24    84 1.02
phi_beta_tl[5]       -0.02    0.01  0.08    -0.22    -0.06    -0.01     0.04     0.13    63 1.00
phi_beta_tl[6]       -0.16    0.01  0.08    -0.31    -0.22    -0.16    -0.10    -0.02   100 1.00
phi_beta_tl[7]        0.12    0.01  0.07    -0.01     0.07     0.11     0.15     0.27   100 1.00
phi_beta_tl[8]       -0.41    0.01  0.08    -0.54    -0.46    -0.40    -0.36    -0.27    89 0.99
prior_alpha[1]        0.00    0.01  0.06    -0.11    -0.03     0.00     0.04     0.11   100 1.01
prior_alpha[2]        0.00    0.01  0.05    -0.10    -0.03     0.00     0.04     0.09   100 0.99
prior_alpha[3]        0.00    0.01  0.05    -0.12    -0.03     0.00     0.03     0.10   100 1.00
prior_beta[1]         0.13    0.01  0.07     0.01     0.07     0.14     0.17     0.26    76 0.99
prior_beta[2]        -0.05    0.01  0.07    -0.20    -0.09    -0.05     0.00     0.09    65 1.00
prior_beta[3]        -0.07    0.01  0.09    -0.24    -0.12    -0.06    -0.01     0.09   100 1.00
theta_alpha[1,1]      0.03    0.01  0.10    -0.15    -0.04     0.04     0.09     0.21    64 0.99
theta_alpha[1,2]      0.01    0.01  0.10    -0.17    -0.08     0.02     0.09     0.20    90 0.99
theta_alpha[1,3]     -0.01    0.01  0.08    -0.15    -0.07    -0.01     0.03     0.18    68 1.01
theta_alpha[2,1]      0.00    0.01  0.10    -0.16    -0.07     0.01     0.08     0.17    41 1.01
theta_alpha[2,2]      0.02    0.01  0.10    -0.18    -0.05     0.02     0.07     0.26    93 0.99
theta_alpha[2,3]      0.00    0.01  0.11    -0.20    -0.06     0.00     0.07     0.23   100 1.01
theta_alpha[3,1]      0.02    0.01  0.10    -0.16    -0.05     0.02     0.08     0.18    58 1.00
theta_alpha[3,2]     -0.01    0.01  0.09    -0.19    -0.09    -0.01     0.04     0.14    57 1.04
theta_alpha[3,3]     -0.01    0.01  0.10    -0.19    -0.09    -0.01     0.06     0.13    49 1.01
theta_beta_age[1]     0.14    0.01  0.08     0.01     0.08     0.14     0.20     0.29    89 1.02
theta_beta_age[2]    -0.07    0.01  0.07    -0.20    -0.11    -0.08    -0.02     0.09    65 1.00
theta_beta_age[3]    -0.08    0.01  0.08    -0.23    -0.13    -0.07    -0.03     0.09   100 0.99
theta_beta_tl[1]      0.00    0.01  0.11    -0.21    -0.07     0.00     0.08     0.22    59 0.99
theta_beta_tl[2]      0.00    0.01  0.11    -0.19    -0.08     0.00     0.07     0.19    85 1.00
theta_beta_tl[3]      0.00    0.01  0.10    -0.18    -0.05     0.00     0.06     0.22    60 0.99
theta_beta_nth[1]     0.03    0.01  0.10    -0.14    -0.04     0.03     0.10     0.22    97 0.99
theta_beta_nth[2]     0.00    0.01  0.09    -0.17    -0.06    -0.01     0.06     0.17    80 0.99
theta_beta_nth[3]    -0.02    0.01  0.10    -0.22    -0.08    -0.03     0.04     0.18    97 1.02
log_prob          -2437.57    1.27 12.68 -2462.05 -2446.89 -2436.68 -2428.76 -2416.60   100 0.99
lp__              -2597.25    0.64  5.40 -2608.51 -2600.21 -2597.17 -2593.57 -2588.19    70 0.99

Samples were drawn using NUTS(diag_e) at Tue Dec 02 21:27:32 2014.
For each parameter, n_eff is a crude measure of effective sample size,
and Rhat is the potential scale reduction factor on split chains (at 
convergence, Rhat=1).
Inference for Stan model: phi_accos_tl_pkg_amt.
1 chains, each with iter=200; warmup=100; thin=1; 
post-warmup draws per chain=100, total post-warmup draws=100.

                        mean se_mean    sd     2.5%      25%      50%      75%    97.5% n_eff Rhat
phi_alpha[1,1]          0.03    0.01  0.10    -0.14    -0.03     0.03     0.10     0.20   100 1.07
phi_alpha[1,2]          0.02    0.01  0.10    -0.18    -0.06     0.04     0.10     0.20   100 1.03
phi_alpha[1,3]         -0.03    0.01  0.10    -0.20    -0.11    -0.03     0.04     0.14   100 0.99
phi_alpha[1,4]         -0.02    0.01  0.08    -0.18    -0.08    -0.01     0.04     0.13   100 0.99
phi_alpha[1,5]         -0.02    0.01  0.10    -0.22    -0.08    -0.02     0.05     0.20   100 0.99
phi_alpha[1,6]          0.00    0.01  0.11    -0.18    -0.09     0.02     0.08     0.20   100 1.10
phi_alpha[1,7]         -0.01    0.01  0.12    -0.22    -0.10    -0.01     0.08     0.21   100 1.07
phi_alpha[1,8]          0.00    0.01  0.11    -0.20    -0.08    -0.02     0.07     0.20   100 0.99
phi_alpha[2,1]          0.03    0.01  0.11    -0.19    -0.06     0.03     0.09     0.23   100 0.99
phi_alpha[2,2]          0.05    0.01  0.11    -0.16    -0.02     0.05     0.12     0.27   100 1.01
phi_alpha[2,3]         -0.05    0.01  0.10    -0.22    -0.12    -0.06     0.01     0.15   100 0.99
phi_alpha[2,4]         -0.01    0.01  0.09    -0.17    -0.07    -0.01     0.07     0.14   100 0.99
phi_alpha[2,5]         -0.01    0.01  0.10    -0.20    -0.09    -0.02     0.07     0.16   100 0.99
phi_alpha[2,6]          0.01    0.01  0.10    -0.15    -0.07     0.00     0.08     0.22   100 1.01
phi_alpha[2,7]         -0.02    0.02  0.12    -0.24    -0.10    -0.02     0.07     0.22    25 1.03
phi_alpha[2,8]         -0.01    0.01  0.12    -0.25    -0.10    -0.01     0.09     0.18   100 0.99
phi_alpha[3,1]          0.03    0.01  0.11    -0.19    -0.05     0.03     0.10     0.26   100 0.99
phi_alpha[3,2]          0.03    0.01  0.11    -0.15    -0.05     0.02     0.11     0.24   100 1.03
phi_alpha[3,3]         -0.03    0.01  0.09    -0.20    -0.09    -0.03     0.03     0.16   100 0.99
phi_alpha[3,4]         -0.01    0.01  0.08    -0.19    -0.06    -0.01     0.04     0.16   100 0.99
phi_alpha[3,5]         -0.01    0.01  0.10    -0.22    -0.08    -0.02     0.06     0.17   100 0.99
phi_alpha[3,6]          0.01    0.01  0.12    -0.25    -0.06     0.01     0.10     0.22   100 1.02
phi_alpha[3,7]         -0.01    0.01  0.13    -0.26    -0.09    -0.02     0.09     0.23   100 1.00
phi_alpha[3,8]          0.00    0.01  0.09    -0.16    -0.07     0.00     0.06     0.17   100 1.01
phi_beta_accos[1]       0.05    0.01  0.07    -0.07     0.00     0.04     0.10     0.19   100 0.99
phi_beta_accos[2]       0.13    0.01  0.08    -0.03     0.08     0.13     0.18     0.31   100 1.00
phi_beta_accos[3]      -0.18    0.01  0.08    -0.31    -0.23    -0.17    -0.13    -0.02   100 0.99
phi_beta_accos[4]      -0.03    0.01  0.11    -0.24    -0.11    -0.03     0.08     0.16   100 0.99
phi_beta_accos[5]      -0.03    0.01  0.08    -0.19    -0.08    -0.04     0.03     0.12   100 0.99
phi_beta_accos[6]       0.06    0.01  0.07    -0.08     0.02     0.06     0.10     0.18   100 0.99
phi_beta_accos[7]       0.02    0.01  0.08    -0.12    -0.04     0.02     0.08     0.18   100 0.99
phi_beta_accos[8]      -0.02    0.01  0.10    -0.20    -0.11    -0.03     0.07     0.17   100 0.99
phi_beta_tl[1]         -0.23    0.01  0.09    -0.40    -0.30    -0.23    -0.17    -0.06   100 0.99
phi_beta_tl[2]         -0.27    0.01  0.10    -0.45    -0.34    -0.27    -0.20    -0.08   100 0.99
phi_beta_tl[3]          0.82    0.01  0.08     0.69     0.76     0.83     0.88     0.96   100 0.99
phi_beta_tl[4]         -0.02    0.01  0.08    -0.15    -0.09    -0.03     0.03     0.13   100 0.99
phi_beta_tl[5]          0.22    0.01  0.10     0.04     0.14     0.22     0.30     0.41   100 0.99
phi_beta_tl[6]         -0.70    0.01  0.07    -0.87    -0.74    -0.71    -0.67    -0.56   100 0.99
phi_beta_tl[7]          0.16    0.01  0.12    -0.05     0.07     0.15     0.25     0.34   100 1.00
phi_beta_tl[8]          0.00    0.01  0.10    -0.18    -0.06     0.00     0.07     0.22   100 0.99
phi_beta_pkg_amt[1]     0.15    0.00  0.03     0.10     0.13     0.15     0.17     0.20   100 0.99
phi_beta_pkg_amt[2]     0.12    0.00  0.03     0.07     0.10     0.12     0.14     0.18   100 0.99
phi_beta_pkg_amt[3]     0.00    0.00  0.03    -0.05    -0.02     0.00     0.02     0.04   100 1.00
phi_beta_pkg_amt[4]    -0.24    0.00  0.04    -0.32    -0.26    -0.24    -0.21    -0.15   100 1.00
phi_beta_pkg_amt[5]    -0.03    0.00  0.03    -0.08    -0.05    -0.03    -0.01     0.01   100 1.00
phi_beta_pkg_amt[6]     0.17    0.00  0.03     0.13     0.15     0.17     0.19     0.23   100 1.00
phi_beta_pkg_amt[7]     0.03    0.00  0.03    -0.02     0.01     0.03     0.05     0.08   100 1.01
phi_beta_pkg_amt[8]    -0.21    0.00  0.04    -0.28    -0.24    -0.21    -0.19    -0.13   100 0.99
prior_alpha[1]         -0.01    0.01  0.06    -0.13    -0.05    -0.01     0.02     0.12   100 0.99
prior_alpha[2]          0.00    0.01  0.05    -0.10    -0.03     0.00     0.03     0.12   100 0.99
prior_alpha[3]          0.00    0.00  0.05    -0.08    -0.03     0.01     0.04     0.09   100 0.99
prior_beta[1]           0.01    0.01  0.11    -0.17    -0.07     0.02     0.07     0.21   100 0.99
prior_beta[2]           0.00    0.01  0.11    -0.24    -0.06     0.00     0.07     0.23   100 0.99
prior_beta[3]           0.00    0.01  0.10    -0.19    -0.06    -0.01     0.07     0.22   100 0.99
theta_alpha[1,1]        0.01    0.01  0.09    -0.16    -0.05     0.02     0.07     0.22   100 0.99
theta_alpha[1,2]        0.00    0.01  0.11    -0.21    -0.06     0.00     0.06     0.25   100 0.99
theta_alpha[1,3]        0.00    0.01  0.11    -0.20    -0.08     0.00     0.08     0.20   100 0.99
theta_alpha[2,1]       -0.01    0.01  0.10    -0.16    -0.09    -0.01     0.05     0.18   100 0.99
theta_alpha[2,2]        0.00    0.01  0.09    -0.16    -0.05     0.00     0.06     0.16   100 0.99
theta_alpha[2,3]        0.00    0.01  0.09    -0.16    -0.07     0.00     0.06     0.17   100 0.99
theta_alpha[3,1]        0.01    0.01  0.12    -0.22    -0.04     0.02     0.07     0.27   100 0.99
theta_alpha[3,2]       -0.01    0.01  0.11    -0.23    -0.08     0.00     0.07     0.19   100 0.99
theta_alpha[3,3]        0.00    0.01  0.09    -0.18    -0.06     0.01     0.05     0.17   100 0.99
theta_beta_age[1]      -0.02    0.02  0.10    -0.24    -0.07    -0.03     0.04     0.14    22 1.09
theta_beta_age[2]       0.00    0.01  0.10    -0.23    -0.08     0.01     0.07     0.17    51 1.00
theta_beta_age[3]       0.00    0.01  0.09    -0.18    -0.06     0.00     0.05     0.18    40 1.01
theta_beta_tl[1]        0.00    0.01  0.12    -0.22    -0.09     0.02     0.08     0.21   100 1.00
theta_beta_tl[2]       -0.01    0.01  0.10    -0.17    -0.08     0.00     0.07     0.16   100 0.99
theta_beta_tl[3]        0.00    0.01  0.10    -0.18    -0.08     0.00     0.07     0.18   100 1.00
theta_beta_nth[1]      -0.01    0.01  0.10    -0.19    -0.08    -0.01     0.06     0.20   100 0.99
theta_beta_nth[2]       0.01    0.01  0.12    -0.22    -0.08     0.00     0.08     0.25   100 1.00
theta_beta_nth[3]       0.01    0.01  0.08    -0.15    -0.05     0.01     0.07     0.14   100 0.99
log_prob            -2288.70    1.18 11.79 -2307.63 -2298.16 -2289.22 -2278.89 -2270.03   100 0.99
lp__                -2401.71    0.88  5.07 -2412.03 -2405.08 -2401.86 -2398.19 -2392.41    33 1.02

Samples were drawn using NUTS(diag_e) at Tue Dec 02 16:48:53 2014.
For each parameter, n_eff is a crude measure of effective sample size,
and Rhat is the potential scale reduction factor on split chains (at 
convergence, Rhat=1).
Inference for Stan model: phi_accos_tl_pkg_amt.
1 chains, each with iter=200; warmup=100; thin=1; 
post-warmup draws per chain=100, total post-warmup draws=100.

                        mean se_mean   sd     2.5%      25%      50%      75%    97.5% n_eff Rhat
phi_alpha[1,1]          0.04    0.01 0.09    -0.13    -0.02     0.05     0.12     0.19   100 0.99
phi_alpha[1,2]          0.01    0.01 0.08    -0.14    -0.04     0.00     0.06     0.15   100 0.99
phi_alpha[1,3]         -0.04    0.01 0.09    -0.18    -0.11    -0.03     0.03     0.14   100 0.99
phi_alpha[1,4]         -0.01    0.01 0.09    -0.19    -0.05    -0.01     0.04     0.16   100 0.99
phi_alpha[1,5]         -0.02    0.01 0.10    -0.21    -0.09    -0.02     0.07     0.17   100 1.01
phi_alpha[1,6]         -0.02    0.01 0.09    -0.22    -0.07    -0.02     0.03     0.15    83 1.00
phi_alpha[1,7]          0.02    0.01 0.12    -0.18    -0.05     0.02     0.09     0.23   100 0.99
phi_alpha[1,8]         -0.01    0.01 0.10    -0.17    -0.08    -0.01     0.07     0.17   100 0.99
phi_alpha[2,1]          0.04    0.01 0.09    -0.13    -0.03     0.03     0.10     0.21   100 0.99
phi_alpha[2,2]          0.01    0.01 0.10    -0.19    -0.06     0.01     0.07     0.18   100 0.99
phi_alpha[2,3]         -0.03    0.01 0.15    -0.27    -0.14    -0.03     0.06     0.27   100 0.99
phi_alpha[2,4]          0.00    0.01 0.11    -0.19    -0.09     0.00     0.06     0.20   100 0.99
phi_alpha[2,5]         -0.01    0.01 0.10    -0.19    -0.06     0.00     0.06     0.19   100 0.99
phi_alpha[2,6]         -0.02    0.01 0.11    -0.21    -0.10    -0.03     0.06     0.21   100 1.01
phi_alpha[2,7]          0.01    0.01 0.13    -0.25    -0.06     0.00     0.09     0.23   100 1.00
phi_alpha[2,8]         -0.02    0.01 0.11    -0.21    -0.11    -0.03     0.04     0.20   100 1.01
phi_alpha[3,1]          0.01    0.01 0.10    -0.20    -0.07     0.02     0.09     0.19   100 0.99
phi_alpha[3,2]          0.07    0.01 0.11    -0.18     0.00     0.07     0.15     0.25   100 1.00
phi_alpha[3,3]         -0.05    0.01 0.09    -0.19    -0.12    -0.06     0.02     0.13   100 0.99
phi_alpha[3,4]         -0.01    0.01 0.08    -0.15    -0.08    -0.02     0.04     0.15   100 0.99
phi_alpha[3,5]         -0.01    0.01 0.10    -0.19    -0.09    -0.01     0.06     0.18   100 0.99
phi_alpha[3,6]          0.05    0.01 0.12    -0.19    -0.04     0.06     0.13     0.27   100 0.99
phi_alpha[3,7]         -0.05    0.01 0.12    -0.29    -0.13    -0.05     0.05     0.18    65 0.99
phi_alpha[3,8]         -0.01    0.01 0.10    -0.21    -0.08    -0.01     0.05     0.17   100 1.00
phi_beta_accos[1]       0.05    0.01 0.08    -0.11     0.00     0.06     0.10     0.20   100 0.99
phi_beta_accos[2]       0.13    0.01 0.08    -0.01     0.09     0.14     0.19     0.26   100 1.00
phi_beta_accos[3]      -0.16    0.01 0.11    -0.36    -0.23    -0.17    -0.09     0.04   100 0.99
phi_beta_accos[4]      -0.02    0.01 0.11    -0.22    -0.11    -0.02     0.06     0.16   100 0.99
phi_beta_accos[5]      -0.03    0.01 0.11    -0.22    -0.12    -0.04     0.05     0.17   100 0.99
phi_beta_accos[6]       0.07    0.01 0.07    -0.07     0.02     0.07     0.11     0.19   100 1.01
phi_beta_accos[7]       0.02    0.01 0.09    -0.14    -0.06     0.02     0.09     0.19   100 0.99
phi_beta_accos[8]      -0.02    0.01 0.09    -0.18    -0.08    -0.02     0.03     0.16   100 1.00
phi_beta_tl[1]         -0.22    0.01 0.08    -0.37    -0.28    -0.21    -0.16    -0.07   100 0.99
phi_beta_tl[2]         -0.27    0.01 0.07    -0.41    -0.32    -0.27    -0.23    -0.14   100 0.99
phi_beta_tl[3]          0.83    0.01 0.07     0.68     0.78     0.83     0.89     0.95   100 0.99
phi_beta_tl[4]         -0.02    0.01 0.10    -0.20    -0.08    -0.03     0.03     0.18   100 0.99
phi_beta_tl[5]          0.23    0.01 0.09     0.05     0.17     0.24     0.29     0.41   100 0.99
phi_beta_tl[6]         -0.70    0.01 0.09    -0.87    -0.75    -0.70    -0.65    -0.53   100 0.99
phi_beta_tl[7]          0.17    0.01 0.08     0.03     0.11     0.16     0.23     0.31   100 0.99
phi_beta_tl[8]          0.00    0.01 0.08    -0.16    -0.05     0.00     0.05     0.15   100 0.99
phi_beta_pkg_amt[1]     0.16    0.00 0.04     0.08     0.13     0.16     0.19     0.24   100 0.99
phi_beta_pkg_amt[2]     0.13    0.00 0.04     0.06     0.10     0.13     0.15     0.21   100 0.99
phi_beta_pkg_amt[3]     0.01    0.00 0.04    -0.07    -0.02     0.01     0.03     0.09   100 0.99
phi_beta_pkg_amt[4]    -0.23    0.01 0.05    -0.35    -0.27    -0.23    -0.19    -0.14   100 1.00
phi_beta_pkg_amt[5]    -0.03    0.00 0.04    -0.11    -0.05    -0.03     0.00     0.06   100 0.99
phi_beta_pkg_amt[6]     0.18    0.00 0.04     0.11     0.16     0.18     0.20     0.26   100 0.99
phi_beta_pkg_amt[7]     0.04    0.00 0.04    -0.04     0.01     0.04     0.06     0.12   100 0.99
phi_beta_pkg_amt[8]    -0.22    0.01 0.05    -0.32    -0.26    -0.21    -0.18    -0.12   100 1.00
prior_alpha[1]          0.00    0.01 0.05    -0.09    -0.05     0.00     0.04     0.10   100 0.99
prior_alpha[2]          0.00    0.01 0.07    -0.15    -0.04     0.00     0.05     0.12   100 0.99
prior_alpha[3]          0.01    0.01 0.05    -0.09    -0.02     0.00     0.04     0.10   100 0.99
prior_beta[1]           0.00    0.01 0.11    -0.21    -0.09     0.02     0.07     0.17   100 1.00
prior_beta[2]          -0.01    0.01 0.11    -0.23    -0.07    -0.01     0.05     0.20   100 0.99
prior_beta[3]          -0.01    0.01 0.09    -0.19    -0.06    -0.01     0.05     0.16   100 0.99
theta_alpha[1,1]       -0.02    0.01 0.10    -0.22    -0.08    -0.01     0.05     0.16   100 1.00
theta_alpha[1,2]        0.00    0.01 0.08    -0.17    -0.05     0.00     0.03     0.18   100 0.99
theta_alpha[1,3]       -0.01    0.01 0.09    -0.19    -0.06    -0.01     0.04     0.15   100 1.00
theta_alpha[2,1]        0.01    0.01 0.11    -0.18    -0.06     0.00     0.08     0.21   100 0.99
theta_alpha[2,2]        0.00    0.01 0.10    -0.19    -0.10    -0.01     0.09     0.17   100 1.00
theta_alpha[2,3]        0.00    0.01 0.09    -0.18    -0.05     0.00     0.05     0.17   100 0.99
theta_alpha[3,1]        0.00    0.01 0.10    -0.18    -0.05     0.01     0.06     0.19   100 0.99
theta_alpha[3,2]        0.00    0.01 0.11    -0.16    -0.06     0.01     0.08     0.19   100 0.99
theta_alpha[3,3]        0.00    0.01 0.07    -0.13    -0.05     0.00     0.05     0.15   100 1.00
theta_beta_age[1]      -0.02    0.01 0.08    -0.17    -0.07    -0.03     0.01     0.17   100 0.99
theta_beta_age[2]      -0.02    0.01 0.10    -0.20    -0.09    -0.03     0.04     0.15   100 0.99
theta_beta_age[3]       0.02    0.02 0.08    -0.12    -0.02     0.03     0.08     0.15    22 0.99
theta_beta_tl[1]        0.01    0.01 0.09    -0.17    -0.06     0.00     0.07     0.16   100 0.99
theta_beta_tl[2]        0.00    0.01 0.10    -0.19    -0.07     0.01     0.07     0.19   100 0.99
theta_beta_tl[3]       -0.01    0.01 0.10    -0.16    -0.09    -0.01     0.06     0.17   100 0.99
theta_beta_nth[1]       0.00    0.01 0.10    -0.20    -0.05     0.00     0.06     0.17   100 0.99
theta_beta_nth[2]       0.00    0.01 0.12    -0.21    -0.10    -0.01     0.09     0.24   100 1.00
theta_beta_nth[3]       0.00    0.01 0.11    -0.21    -0.07     0.00     0.06     0.21   100 0.99
log_prob            -2289.46    0.97 9.67 -2305.82 -2296.09 -2290.31 -2282.44 -2273.16   100 0.99
lp__                -2402.50    0.88 5.57 -2413.32 -2406.05 -2401.82 -2398.52 -2393.14    40 1.00

Samples were drawn using NUTS(diag_e) at Tue Dec 02 17:21:30 2014.
For each parameter, n_eff is a crude measure of effective sample size,
and Rhat is the potential scale reduction factor on split chains (at 
convergence, Rhat=1).
Inference for Stan model: 20141201-theta=age,tl,nth-phi=accos,tl,pkg_amt,age,freq.
1 chains, each with iter=200; warmup=100; thin=1; 
post-warmup draws per chain=100, total post-warmup draws=100.

                           mean se_mean    sd     2.5%      25%      50%      75%    97.5% n_eff Rhat
phi_alpha[1,1]             0.02    0.01  0.11    -0.20    -0.06     0.01     0.09     0.25   100 0.99
phi_alpha[1,2]             0.03    0.01  0.11    -0.18    -0.06     0.01     0.10     0.24   100 1.00
phi_alpha[1,3]            -0.02    0.01  0.10    -0.21    -0.10    -0.02     0.06     0.15   100 0.99
phi_alpha[1,4]             0.00    0.01  0.10    -0.21    -0.07     0.00     0.07     0.20   100 0.99
phi_alpha[1,5]             0.00    0.01  0.10    -0.19    -0.07     0.00     0.07     0.18   100 1.00
phi_alpha[1,6]             0.01    0.01  0.11    -0.22    -0.05     0.00     0.08     0.21   100 0.99
phi_alpha[1,7]             0.01    0.01  0.09    -0.16    -0.05     0.00     0.07     0.20   100 1.00
phi_alpha[1,8]            -0.01    0.01  0.10    -0.20    -0.07     0.00     0.06     0.17   100 0.99
phi_alpha[2,1]             0.03    0.01  0.12    -0.18    -0.07     0.03     0.11     0.26   100 0.99
phi_alpha[2,2]             0.03    0.01  0.08    -0.11    -0.03     0.03     0.08     0.19   100 1.00
phi_alpha[2,3]            -0.04    0.01  0.08    -0.20    -0.10    -0.05     0.01     0.12   100 1.00
phi_alpha[2,4]             0.01    0.01  0.10    -0.16    -0.05     0.01     0.09     0.21   100 0.99
phi_alpha[2,5]            -0.01    0.01  0.11    -0.21    -0.07    -0.01     0.06     0.21   100 0.99
phi_alpha[2,6]             0.01    0.01  0.09    -0.16    -0.06     0.01     0.06     0.16   100 0.99
phi_alpha[2,7]             0.00    0.01  0.08    -0.16    -0.05     0.00     0.05     0.15   100 1.02
phi_alpha[2,8]            -0.01    0.01  0.09    -0.19    -0.06    -0.01     0.04     0.16   100 0.99
phi_alpha[3,1]             0.01    0.01  0.09    -0.16    -0.04     0.01     0.05     0.21   100 0.99
phi_alpha[3,2]             0.03    0.01  0.10    -0.13    -0.04     0.03     0.09     0.22   100 1.01
phi_alpha[3,3]            -0.02    0.01  0.10    -0.17    -0.10    -0.02     0.05     0.21   100 0.99
phi_alpha[3,4]             0.01    0.01  0.10    -0.18    -0.06     0.00     0.08     0.18   100 0.99
phi_alpha[3,5]            -0.01    0.01  0.09    -0.19    -0.08     0.00     0.06     0.16   100 0.99
phi_alpha[3,6]             0.01    0.01  0.09    -0.18    -0.05     0.01     0.07     0.16   100 0.99
phi_alpha[3,7]            -0.01    0.01  0.11    -0.22    -0.08     0.00     0.06     0.18   100 0.99
phi_alpha[3,8]             0.00    0.01  0.09    -0.17    -0.07     0.01     0.06     0.16   100 0.99
phi_beta_accos[1]          0.04    0.01  0.07    -0.09    -0.02     0.04     0.09     0.18   100 0.99
phi_beta_accos[2]          0.13    0.01  0.06     0.04     0.09     0.13     0.17     0.24   100 0.99
phi_beta_accos[3]         -0.18    0.01  0.07    -0.30    -0.23    -0.18    -0.13    -0.04   100 0.99
phi_beta_accos[4]         -0.02    0.01  0.11    -0.25    -0.10    -0.01     0.06     0.21   100 0.99
phi_beta_accos[5]         -0.04    0.01  0.08    -0.20    -0.10    -0.03     0.02     0.11   100 1.00
phi_beta_accos[6]          0.05    0.01  0.07    -0.08     0.01     0.04     0.09     0.19   100 0.99
phi_beta_accos[7]          0.03    0.01  0.09    -0.14    -0.03     0.02     0.09     0.17   100 1.00
phi_beta_accos[8]         -0.02    0.01  0.11    -0.23    -0.10    -0.03     0.06     0.20   100 0.99
phi_beta_tl[1]            -0.22    0.01  0.08    -0.37    -0.27    -0.22    -0.18    -0.05   100 0.99
phi_beta_tl[2]            -0.29    0.01  0.08    -0.44    -0.36    -0.28    -0.22    -0.16   100 0.99
phi_beta_tl[3]             0.83    0.01  0.08     0.68     0.78     0.83     0.88     0.96   100 1.00
phi_beta_tl[4]             0.00    0.01  0.10    -0.21    -0.08     0.01     0.07     0.19   100 0.99
phi_beta_tl[5]             0.22    0.01  0.08     0.06     0.17     0.23     0.27     0.37   100 1.00
phi_beta_tl[6]            -0.71    0.01  0.08    -0.87    -0.77    -0.73    -0.66    -0.55   100 1.00
phi_beta_tl[7]             0.19    0.01  0.08     0.04     0.13     0.19     0.24     0.34   100 1.00
phi_beta_tl[8]             0.00    0.01  0.09    -0.17    -0.07     0.00     0.06     0.15   100 0.99
phi_beta_pkg_amt[1]        0.14    0.00  0.04     0.08     0.11     0.14     0.16     0.25   100 1.00
phi_beta_pkg_amt[2]        0.02    0.00  0.04    -0.05     0.00     0.02     0.04     0.11   100 1.01
phi_beta_pkg_amt[3]       -0.01    0.00  0.04    -0.08    -0.03    -0.01     0.02     0.07   100 1.01
phi_beta_pkg_amt[4]       -0.13    0.01  0.08    -0.27    -0.18    -0.12    -0.08     0.03   100 1.00
phi_beta_pkg_amt[5]       -0.03    0.00  0.04    -0.12    -0.06    -0.04    -0.01     0.02   100 1.00
phi_beta_pkg_amt[6]        0.09    0.00  0.04     0.02     0.06     0.09     0.12     0.17   100 1.00
phi_beta_pkg_amt[7]        0.08    0.00  0.04     0.02     0.06     0.08     0.11     0.16   100 1.00
phi_beta_pkg_amt[8]       -0.14    0.01  0.07    -0.29    -0.20    -0.14    -0.08    -0.01   100 1.00
phi_beta_age[1]            0.01    0.00  0.04    -0.07    -0.01     0.01     0.03     0.09   100 0.99
phi_beta_age[2]            0.04    0.00  0.04    -0.04     0.01     0.04     0.06     0.12   100 0.99
phi_beta_age[3]            0.01    0.00  0.04    -0.06    -0.01     0.01     0.03     0.09   100 0.99
phi_beta_age[4]           -0.05    0.00  0.05    -0.14    -0.08    -0.05    -0.02     0.04   100 1.01
phi_beta_age[5]            0.01    0.00  0.04    -0.07    -0.01     0.01     0.03     0.09   100 0.99
phi_beta_age[6]            0.03    0.00  0.04    -0.04     0.01     0.04     0.06     0.11   100 0.99
phi_beta_age[7]           -0.01    0.00  0.04    -0.08    -0.04    -0.01     0.01     0.07   100 0.99
phi_beta_age[8]           -0.03    0.00  0.04    -0.10    -0.06    -0.03     0.00     0.06   100 1.01
prior_alpha[1]             0.00    0.01  0.06    -0.10    -0.05     0.00     0.04     0.10    93 0.99
prior_alpha[2]             0.00    0.01  0.06    -0.13    -0.04     0.00     0.04     0.11   100 1.00
prior_alpha[3]             0.00    0.01  0.05    -0.08    -0.04     0.01     0.04     0.08    76 1.02
prior_beta[1]              0.01    0.01  0.10    -0.16    -0.04     0.01     0.08     0.22   100 1.00
prior_beta[2]              0.01    0.01  0.13    -0.25    -0.07     0.02     0.11     0.23   100 0.99
prior_beta[3]             -0.02    0.01  0.09    -0.17    -0.08    -0.02     0.04     0.15   100 0.99
theta_alpha[1,1]          -0.01    0.01  0.12    -0.26    -0.06    -0.01     0.06     0.23   100 0.99
theta_alpha[1,2]           0.00    0.01  0.09    -0.16    -0.07    -0.01     0.06     0.16   100 0.99
theta_alpha[1,3]           0.00    0.01  0.10    -0.21    -0.06     0.00     0.06     0.19   100 0.99
theta_alpha[2,1]           0.00    0.01  0.10    -0.17    -0.07     0.00     0.07     0.18   100 0.99
theta_alpha[2,2]           0.01    0.01  0.09    -0.16    -0.04     0.01     0.06     0.17   100 0.99
theta_alpha[2,3]           0.00    0.01  0.10    -0.19    -0.06     0.00     0.06     0.17   100 0.99
theta_alpha[3,1]           0.01    0.01  0.09    -0.18    -0.05     0.00     0.05     0.17   100 0.99
theta_alpha[3,2]           0.01    0.01  0.09    -0.14    -0.06     0.00     0.06     0.17   100 1.00
theta_alpha[3,3]           0.00    0.01  0.09    -0.17    -0.05     0.00     0.06     0.16   100 0.99
theta_beta_age[1]          0.00    0.03  0.11    -0.20    -0.09    -0.01     0.09     0.21    12 1.15
theta_beta_age[2]          0.02    0.04  0.12    -0.23    -0.07     0.01     0.09     0.25     9 1.24
theta_beta_age[3]          0.02    0.02  0.10    -0.19    -0.05     0.03     0.09     0.20    17 1.11
theta_beta_tl[1]          -0.01    0.01  0.10    -0.19    -0.07    -0.02     0.05     0.22   100 0.99
theta_beta_tl[2]           0.00    0.01  0.10    -0.20    -0.07     0.00     0.08     0.16   100 0.99
theta_beta_tl[3]           0.02    0.01  0.11    -0.22    -0.06     0.02     0.08     0.25   100 0.99
theta_beta_nth[1]          0.00    0.01  0.11    -0.18    -0.06    -0.01     0.07     0.20   100 0.99
theta_beta_nth[2]          0.01    0.01  0.10    -0.17    -0.07     0.03     0.08     0.20   100 1.00
theta_beta_nth[3]          0.00    0.01  0.08    -0.15    -0.05     0.01     0.06     0.14   100 0.99
theta_beta_freq[1,1,1]     0.05    0.03  0.11    -0.14    -0.03     0.05     0.14     0.26    11 1.23
theta_beta_freq[1,1,2]     0.00    0.01  0.09    -0.15    -0.05     0.00     0.07     0.18   100 0.99
theta_beta_freq[1,1,3]    -0.02    0.01  0.10    -0.22    -0.09    -0.03     0.04     0.19   100 1.00
theta_beta_freq[1,1,4]     0.00    0.01  0.10    -0.16    -0.06     0.00     0.07     0.19   100 1.00
theta_beta_freq[1,1,5]    -0.01    0.01  0.11    -0.16    -0.09    -0.03     0.05     0.22   100 1.00
theta_beta_freq[1,1,6]    -0.04    0.01  0.11    -0.24    -0.10    -0.04     0.06     0.15   100 1.02
theta_beta_freq[1,1,7]     0.00    0.01  0.12    -0.20    -0.09     0.01     0.10     0.18   100 0.99
theta_beta_freq[1,1,8]     0.00    0.01  0.08    -0.19    -0.06     0.00     0.06     0.16   100 0.99
theta_beta_freq[1,2,1]     0.02    0.01  0.10    -0.18    -0.04     0.03     0.07     0.22   100 1.02
theta_beta_freq[1,2,2]     0.00    0.01  0.10    -0.20    -0.05     0.00     0.07     0.18   100 1.00
theta_beta_freq[1,2,3]    -0.03    0.01  0.12    -0.22    -0.13    -0.04     0.08     0.17   100 0.99
theta_beta_freq[1,2,4]    -0.01    0.01  0.10    -0.22    -0.07     0.01     0.07     0.19   100 0.99
theta_beta_freq[1,2,5]     0.01    0.01  0.10    -0.16    -0.05     0.01     0.07     0.20   100 0.99
theta_beta_freq[1,2,6]     0.00    0.01  0.09    -0.17    -0.06     0.00     0.05     0.17   100 0.99
theta_beta_freq[1,2,7]     0.00    0.01  0.09    -0.18    -0.06     0.00     0.06     0.15   100 0.99
theta_beta_freq[1,2,8]    -0.02    0.01  0.10    -0.25    -0.06    -0.02     0.05     0.19   100 0.99
theta_beta_freq[1,3,1]    -0.02    0.01  0.09    -0.21    -0.09    -0.02     0.03     0.15   100 1.00
theta_beta_freq[1,3,2]    -0.02    0.01  0.11    -0.21    -0.10    -0.02     0.05     0.17   100 0.99
theta_beta_freq[1,3,3]     0.02    0.01  0.11    -0.19    -0.07     0.01     0.10     0.19   100 1.01
theta_beta_freq[1,3,4]    -0.01    0.01  0.11    -0.20    -0.08    -0.01     0.07     0.19   100 1.00
theta_beta_freq[1,3,5]     0.01    0.01  0.08    -0.14    -0.04     0.00     0.07     0.13   100 0.99
theta_beta_freq[1,3,6]    -0.01    0.01  0.10    -0.22    -0.09    -0.01     0.04     0.20   100 0.99
theta_beta_freq[1,3,7]     0.00    0.01  0.09    -0.16    -0.06     0.00     0.06     0.18   100 1.00
theta_beta_freq[1,3,8]     0.00    0.01  0.10    -0.18    -0.07     0.01     0.06     0.21   100 1.00
theta_beta_freq[1,4,1]     0.00    0.01  0.07    -0.13    -0.05    -0.01     0.04     0.11   100 0.99
theta_beta_freq[1,4,2]     0.00    0.01  0.09    -0.17    -0.06     0.00     0.07     0.16   100 0.99
theta_beta_freq[1,4,3]     0.00    0.01  0.09    -0.19    -0.04     0.00     0.06     0.15   100 0.99
theta_beta_freq[1,4,4]    -0.01    0.01  0.10    -0.20    -0.07    -0.01     0.05     0.20   100 0.99
theta_beta_freq[1,4,5]     0.01    0.01  0.11    -0.22    -0.06     0.01     0.09     0.20   100 0.99
theta_beta_freq[1,4,6]    -0.01    0.01  0.10    -0.19    -0.08    -0.01     0.05     0.24   100 0.99
theta_beta_freq[1,4,7]     0.00    0.01  0.10    -0.19    -0.06     0.01     0.07     0.17   100 1.00
theta_beta_freq[1,4,8]     0.01    0.01  0.10    -0.17    -0.06     0.01     0.09     0.17   100 0.99
theta_beta_freq[1,5,1]    -0.02    0.01  0.09    -0.17    -0.08    -0.03     0.03     0.15   100 1.02
theta_beta_freq[1,5,2]     0.00    0.01  0.11    -0.19    -0.08     0.00     0.07     0.20   100 1.00
theta_beta_freq[1,5,3]     0.01    0.01  0.11    -0.18    -0.07     0.00     0.08     0.21   100 1.00
theta_beta_freq[1,5,4]     0.00    0.01  0.08    -0.17    -0.06    -0.01     0.06     0.16   100 0.99
theta_beta_freq[1,5,5]    -0.01    0.01  0.10    -0.18    -0.08    -0.02     0.06     0.18   100 0.99
theta_beta_freq[1,5,6]    -0.01    0.01  0.11    -0.21    -0.09    -0.02     0.06     0.19   100 1.00
theta_beta_freq[1,5,7]     0.00    0.01  0.11    -0.17    -0.09     0.01     0.09     0.18   100 1.00
theta_beta_freq[1,5,8]    -0.01    0.01  0.10    -0.19    -0.07     0.00     0.04     0.17   100 1.00
theta_beta_freq[1,6,1]    -0.02    0.01  0.11    -0.21    -0.11    -0.03     0.06     0.20   100 1.04
theta_beta_freq[1,6,2]     0.02    0.01  0.10    -0.15    -0.06     0.03     0.08     0.20   100 1.03
theta_beta_freq[1,6,3]    -0.01    0.01  0.09    -0.16    -0.09    -0.01     0.05     0.15   100 0.99
theta_beta_freq[1,6,4]     0.00    0.01  0.08    -0.16    -0.05    -0.01     0.04     0.15   100 0.99
theta_beta_freq[1,6,5]     0.00    0.01  0.09    -0.18    -0.05     0.00     0.06     0.16   100 0.99
theta_beta_freq[1,6,6]     0.05    0.02  0.10    -0.13    -0.02     0.05     0.13     0.24    31 1.10
theta_beta_freq[1,6,7]    -0.02    0.01  0.11    -0.30    -0.08    -0.03     0.05     0.19   100 1.03
theta_beta_freq[1,6,8]     0.00    0.01  0.11    -0.20    -0.07     0.00     0.05     0.21   100 1.01
theta_beta_freq[1,7,1]     0.00    0.01  0.09    -0.19    -0.07     0.00     0.07     0.18   100 1.02
theta_beta_freq[1,7,2]    -0.01    0.01  0.10    -0.22    -0.07    -0.01     0.07     0.15   100 1.01
theta_beta_freq[1,7,3]     0.00    0.01  0.10    -0.16    -0.07    -0.01     0.06     0.17   100 1.00
theta_beta_freq[1,7,4]     0.00    0.01  0.08    -0.14    -0.05     0.00     0.06     0.15   100 0.99
theta_beta_freq[1,7,5]     0.00    0.01  0.11    -0.21    -0.05    -0.01     0.06     0.20   100 0.99
theta_beta_freq[1,7,6]    -0.01    0.01  0.11    -0.24    -0.07    -0.01     0.06     0.21   100 1.00
theta_beta_freq[1,7,7]     0.00    0.01  0.10    -0.20    -0.06     0.01     0.07     0.20   100 0.99
theta_beta_freq[1,7,8]     0.00    0.01  0.10    -0.22    -0.06    -0.01     0.06     0.22   100 1.02
theta_beta_freq[1,8,1]    -0.01    0.01  0.09    -0.19    -0.07    -0.01     0.05     0.16   100 1.00
theta_beta_freq[1,8,2]     0.00    0.01  0.10    -0.20    -0.07     0.00     0.07     0.16   100 0.99
theta_beta_freq[1,8,3]     0.00    0.01  0.11    -0.20    -0.07     0.00     0.06     0.24   100 1.00
theta_beta_freq[1,8,4]     0.01    0.01  0.08    -0.13    -0.05     0.02     0.07     0.15   100 1.00
theta_beta_freq[1,8,5]     0.00    0.01  0.09    -0.14    -0.06     0.01     0.07     0.17   100 0.99
theta_beta_freq[1,8,6]     0.01    0.01  0.11    -0.20    -0.07     0.01     0.10     0.19   100 1.00
theta_beta_freq[1,8,7]     0.00    0.01  0.11    -0.19    -0.08     0.00     0.07     0.19   100 0.99
theta_beta_freq[1,8,8]     0.00    0.01  0.09    -0.17    -0.06     0.00     0.05     0.16   100 0.99
theta_beta_freq[2,1,1]     0.09    0.05  0.13    -0.17    -0.01     0.08     0.20     0.30     8 1.34
theta_beta_freq[2,1,2]     0.00    0.01  0.11    -0.20    -0.08     0.01     0.06     0.18   100 1.01
theta_beta_freq[2,1,3]    -0.02    0.01  0.10    -0.22    -0.10    -0.02     0.05     0.18   100 1.03
theta_beta_freq[2,1,4]     0.02    0.01  0.10    -0.18    -0.06     0.01     0.09     0.19   100 1.00
theta_beta_freq[2,1,5]    -0.03    0.01  0.09    -0.20    -0.10    -0.03     0.05     0.12   100 1.03
theta_beta_freq[2,1,6]    -0.05    0.01  0.13    -0.31    -0.13    -0.03     0.02     0.16   100 1.10
theta_beta_freq[2,1,7]     0.01    0.01  0.11    -0.18    -0.06     0.02     0.08     0.22   100 1.00
theta_beta_freq[2,1,8]     0.01    0.01  0.09    -0.17    -0.06     0.01     0.07     0.18   100 0.99
theta_beta_freq[2,2,1]     0.03    0.01  0.11    -0.27    -0.03     0.03     0.09     0.24   100 1.05
theta_beta_freq[2,2,2]     0.01    0.01  0.08    -0.14    -0.04     0.02     0.07     0.17   100 1.00
theta_beta_freq[2,2,3]     0.00    0.01  0.11    -0.20    -0.07     0.02     0.07     0.19   100 0.99
theta_beta_freq[2,2,4]     0.00    0.01  0.09    -0.17    -0.06     0.00     0.06     0.15   100 1.01
theta_beta_freq[2,2,5]     0.01    0.01  0.11    -0.17    -0.09     0.02     0.10     0.19   100 0.99
theta_beta_freq[2,2,6]     0.00    0.01  0.11    -0.21    -0.07     0.00     0.07     0.22   100 0.99
theta_beta_freq[2,2,7]    -0.01    0.01  0.09    -0.19    -0.08    -0.01     0.07     0.15   100 0.99
theta_beta_freq[2,2,8]    -0.01    0.01  0.09    -0.16    -0.07    -0.02     0.05     0.15   100 0.99
theta_beta_freq[2,3,1]    -0.02    0.01  0.10    -0.24    -0.09    -0.02     0.05     0.14   100 1.04
theta_beta_freq[2,3,2]     0.00    0.01  0.10    -0.20    -0.06     0.00     0.05     0.21   100 0.99
theta_beta_freq[2,3,3]     0.03    0.01  0.09    -0.14    -0.04     0.04     0.09     0.18   100 1.03
theta_beta_freq[2,3,4]     0.01    0.01  0.09    -0.15    -0.05     0.01     0.08     0.17   100 0.99
theta_beta_freq[2,3,5]     0.00    0.01  0.11    -0.19    -0.08     0.00     0.06     0.22   100 0.99
theta_beta_freq[2,3,6]     0.00    0.01  0.12    -0.25    -0.08     0.02     0.09     0.18   100 1.00
theta_beta_freq[2,3,7]     0.01    0.01  0.11    -0.20    -0.07     0.01     0.08     0.20   100 0.99
theta_beta_freq[2,3,8]    -0.01    0.01  0.09    -0.17    -0.07    -0.01     0.06     0.16   100 0.99
theta_beta_freq[2,4,1]     0.01    0.01  0.10    -0.17    -0.07     0.00     0.08     0.20   100 1.00
theta_beta_freq[2,4,2]    -0.01    0.01  0.08    -0.17    -0.07    -0.01     0.04     0.16   100 0.99
theta_beta_freq[2,4,3]     0.00    0.01  0.10    -0.17    -0.07     0.01     0.07     0.19   100 0.99
theta_beta_freq[2,4,4]     0.00    0.01  0.11    -0.21    -0.07     0.00     0.06     0.24   100 0.99
theta_beta_freq[2,4,5]     0.01    0.01  0.10    -0.16    -0.06     0.02     0.08     0.18   100 0.99
theta_beta_freq[2,4,6]     0.00    0.01  0.08    -0.14    -0.05    -0.01     0.05     0.14   100 1.00
theta_beta_freq[2,4,7]     0.00    0.01  0.09    -0.18    -0.06     0.00     0.06     0.16   100 0.99
theta_beta_freq[2,4,8]    -0.01    0.01  0.09    -0.22    -0.05    -0.01     0.05     0.11   100 1.05
theta_beta_freq[2,5,1]    -0.02    0.01  0.11    -0.25    -0.08    -0.01     0.06     0.17   100 1.09
theta_beta_freq[2,5,2]     0.03    0.01  0.09    -0.12    -0.04     0.02     0.09     0.20   100 0.99
theta_beta_freq[2,5,3]     0.02    0.01  0.10    -0.17    -0.06     0.02     0.08     0.23   100 1.00
theta_beta_freq[2,5,4]     0.00    0.01  0.07    -0.15    -0.05     0.00     0.04     0.13   100 0.99
theta_beta_freq[2,5,5]    -0.01    0.01  0.09    -0.20    -0.07     0.01     0.06     0.13   100 0.99
theta_beta_freq[2,5,6]    -0.01    0.01  0.10    -0.23    -0.07    -0.01     0.06     0.18   100 0.99
theta_beta_freq[2,5,7]     0.00    0.01  0.10    -0.18    -0.08    -0.01     0.07     0.20   100 0.99
theta_beta_freq[2,5,8]    -0.01    0.01  0.12    -0.24    -0.08    -0.02     0.04     0.25   100 0.99
theta_beta_freq[2,6,1]    -0.03    0.01  0.10    -0.23    -0.10    -0.04     0.05     0.15   100 1.10
theta_beta_freq[2,6,2]     0.01    0.01  0.11    -0.20    -0.06     0.00     0.08     0.22   100 1.00
theta_beta_freq[2,6,3]    -0.01    0.01  0.09    -0.20    -0.07    -0.01     0.04     0.16   100 0.99
theta_beta_freq[2,6,4]     0.00    0.01  0.08    -0.16    -0.05     0.00     0.05     0.15   100 0.99
theta_beta_freq[2,6,5]     0.00    0.01  0.09    -0.15    -0.06     0.00     0.06     0.17   100 1.00
theta_beta_freq[2,6,6]     0.06    0.04  0.12    -0.15    -0.02     0.05     0.15     0.28     9 1.32
theta_beta_freq[2,6,7]    -0.03    0.01  0.09    -0.20    -0.08    -0.03     0.03     0.15   100 1.01
theta_beta_freq[2,6,8]     0.00    0.01  0.08    -0.14    -0.05     0.00     0.06     0.14   100 0.99
theta_beta_freq[2,7,1]     0.01    0.01  0.10    -0.17    -0.05     0.00     0.06     0.21   100 0.99
theta_beta_freq[2,7,2]    -0.02    0.01  0.11    -0.24    -0.10    -0.01     0.04     0.21   100 1.00
theta_beta_freq[2,7,3]     0.01    0.01  0.10    -0.16    -0.08     0.02     0.11     0.19   100 1.04
theta_beta_freq[2,7,4]     0.00    0.01  0.08    -0.16    -0.05     0.00     0.05     0.15   100 0.99
theta_beta_freq[2,7,5]     0.01    0.01  0.09    -0.20    -0.03     0.00     0.06     0.20   100 1.01
theta_beta_freq[2,7,6]    -0.03    0.01  0.10    -0.22    -0.09    -0.02     0.05     0.16   100 1.05
theta_beta_freq[2,7,7]     0.00    0.01  0.11    -0.25    -0.07     0.00     0.07     0.21   100 0.99
theta_beta_freq[2,7,8]     0.01    0.01  0.09    -0.18    -0.04     0.01     0.06     0.17   100 0.99
theta_beta_freq[2,8,1]     0.00    0.01  0.10    -0.19    -0.07    -0.01     0.06     0.20   100 0.99
theta_beta_freq[2,8,2]     0.00    0.01  0.10    -0.18    -0.06     0.02     0.07     0.18   100 1.00
theta_beta_freq[2,8,3]     0.01    0.01  0.10    -0.19    -0.06     0.00     0.08     0.21   100 0.99
theta_beta_freq[2,8,4]     0.00    0.01  0.10    -0.19    -0.07     0.01     0.07     0.21   100 0.99
theta_beta_freq[2,8,5]     0.01    0.01  0.11    -0.18    -0.08     0.01     0.09     0.19   100 1.02
theta_beta_freq[2,8,6]    -0.01    0.01  0.11    -0.23    -0.09    -0.01     0.05     0.24   100 0.99
theta_beta_freq[2,8,7]    -0.01    0.01  0.10    -0.20    -0.07    -0.02     0.04     0.22   100 1.01
theta_beta_freq[2,8,8]     0.00    0.01  0.10    -0.24    -0.07     0.00     0.08     0.16   100 0.99
theta_beta_freq[3,1,1]     0.06    0.03  0.13    -0.14    -0.04     0.07     0.15     0.29    19 1.03
theta_beta_freq[3,1,2]    -0.02    0.01  0.08    -0.18    -0.07    -0.01     0.03     0.17   100 1.01
theta_beta_freq[3,1,3]    -0.02    0.01  0.12    -0.24    -0.10    -0.02     0.04     0.17   100 0.99
theta_beta_freq[3,1,4]    -0.01    0.01  0.09    -0.17    -0.06    -0.01     0.05     0.18   100 1.00
theta_beta_freq[3,1,5]    -0.01    0.01  0.09    -0.17    -0.09    -0.02     0.05     0.17   100 0.99
theta_beta_freq[3,1,6]    -0.03    0.01  0.09    -0.20    -0.08    -0.03     0.02     0.16   100 1.01
theta_beta_freq[3,1,7]     0.03    0.01  0.10    -0.17    -0.04     0.03     0.10     0.21   100 1.00
theta_beta_freq[3,1,8]     0.00    0.01  0.10    -0.19    -0.08     0.01     0.06     0.17   100 0.99
theta_beta_freq[3,2,1]     0.02    0.01  0.09    -0.16    -0.04     0.02     0.08     0.18   100 1.00
theta_beta_freq[3,2,2]     0.00    0.01  0.11    -0.21    -0.08    -0.01     0.07     0.21   100 1.00
theta_beta_freq[3,2,3]     0.00    0.01  0.10    -0.18    -0.07    -0.01     0.07     0.17   100 0.99
theta_beta_freq[3,2,4]     0.01    0.01  0.10    -0.19    -0.05     0.01     0.08     0.20   100 1.00
theta_beta_freq[3,2,5]     0.01    0.01  0.09    -0.14    -0.05     0.01     0.06     0.20   100 0.99
theta_beta_freq[3,2,6]     0.01    0.01  0.07    -0.13    -0.04     0.01     0.06     0.16   100 0.99
theta_beta_freq[3,2,7]    -0.01    0.01  0.08    -0.16    -0.06    -0.01     0.05     0.13   100 0.99
theta_beta_freq[3,2,8]     0.01    0.01  0.10    -0.19    -0.05     0.02     0.06     0.19   100 0.99
theta_beta_freq[3,3,1]    -0.03    0.01  0.10    -0.20    -0.10    -0.02     0.05     0.18   100 0.99
theta_beta_freq[3,3,2]    -0.01    0.01  0.10    -0.17    -0.09    -0.02     0.06     0.19   100 0.99
theta_beta_freq[3,3,3]     0.01    0.01  0.10    -0.15    -0.06     0.02     0.09     0.17   100 0.99
theta_beta_freq[3,3,4]     0.01    0.01  0.11    -0.23    -0.07     0.01     0.08     0.21   100 1.00
theta_beta_freq[3,3,5]    -0.01    0.01  0.13    -0.22    -0.12    -0.02     0.10     0.21   100 0.99
theta_beta_freq[3,3,6]     0.00    0.01  0.11    -0.21    -0.08     0.00     0.08     0.16   100 0.99
theta_beta_freq[3,3,7]     0.01    0.01  0.09    -0.15    -0.04     0.01     0.06     0.17   100 0.99
theta_beta_freq[3,3,8]     0.00    0.01  0.11    -0.19    -0.09    -0.01     0.07     0.21   100 0.99
theta_beta_freq[3,4,1]     0.00    0.01  0.13    -0.27    -0.08    -0.01     0.10     0.25   100 0.99
theta_beta_freq[3,4,2]     0.00    0.01  0.09    -0.18    -0.06     0.01     0.06     0.15   100 0.99
theta_beta_freq[3,4,3]     0.01    0.01  0.11    -0.20    -0.06     0.01     0.10     0.21   100 1.00
theta_beta_freq[3,4,4]     0.00    0.01  0.11    -0.17    -0.08     0.00     0.09     0.17   100 1.00
theta_beta_freq[3,4,5]     0.02    0.01  0.11    -0.19    -0.07     0.02     0.10     0.24   100 0.99
theta_beta_freq[3,4,6]     0.00    0.01  0.11    -0.19    -0.09     0.01     0.08     0.17   100 0.99
theta_beta_freq[3,4,7]    -0.01    0.01  0.08    -0.18    -0.06    -0.01     0.05     0.13   100 0.99
theta_beta_freq[3,4,8]    -0.01    0.01  0.11    -0.24    -0.07    -0.01     0.06     0.23   100 0.99
theta_beta_freq[3,5,1]    -0.05    0.01  0.13    -0.28    -0.14    -0.04     0.04     0.19   100 0.99
theta_beta_freq[3,5,2]     0.02    0.01  0.08    -0.14    -0.04     0.02     0.07     0.16   100 1.00
theta_beta_freq[3,5,3]     0.02    0.01  0.13    -0.21    -0.08     0.02     0.11     0.27   100 0.99
theta_beta_freq[3,5,4]     0.00    0.01  0.09    -0.19    -0.06     0.02     0.07     0.16   100 1.00
theta_beta_freq[3,5,5]     0.00    0.01  0.12    -0.22    -0.09     0.00     0.08     0.22   100 1.01
theta_beta_freq[3,5,6]     0.00    0.01  0.10    -0.19    -0.05     0.01     0.07     0.20   100 1.00
theta_beta_freq[3,5,7]    -0.01    0.01  0.12    -0.25    -0.10    -0.02     0.06     0.24   100 0.99
theta_beta_freq[3,5,8]    -0.01    0.01  0.11    -0.22    -0.09     0.00     0.07     0.19   100 0.99
theta_beta_freq[3,6,1]    -0.03    0.01  0.09    -0.21    -0.09    -0.03     0.03     0.12   100 1.01
theta_beta_freq[3,6,2]     0.01    0.01  0.11    -0.19    -0.07     0.00     0.08     0.21   100 1.01
theta_beta_freq[3,6,3]     0.00    0.01  0.08    -0.14    -0.06     0.00     0.04     0.14   100 0.99
theta_beta_freq[3,6,4]    -0.01    0.01  0.09    -0.16    -0.06    -0.02     0.05     0.15   100 0.99
theta_beta_freq[3,6,5]     0.01    0.01  0.08    -0.13    -0.05     0.01     0.08     0.15   100 0.99
theta_beta_freq[3,6,6]     0.05    0.02  0.13    -0.17    -0.04     0.04     0.13     0.26    54 1.05
theta_beta_freq[3,6,7]    -0.01    0.01  0.11    -0.23    -0.09    -0.01     0.05     0.18   100 0.99
theta_beta_freq[3,6,8]     0.01    0.01  0.11    -0.19    -0.07     0.01     0.09     0.20   100 1.00
theta_beta_freq[3,7,1]     0.00    0.01  0.10    -0.20    -0.04     0.00     0.06     0.19   100 0.99
theta_beta_freq[3,7,2]    -0.02    0.01  0.11    -0.22    -0.10    -0.02     0.06     0.16   100 1.01
theta_beta_freq[3,7,3]    -0.01    0.01  0.12    -0.26    -0.08     0.00     0.08     0.21   100 0.99
theta_beta_freq[3,7,4]     0.00    0.01  0.09    -0.17    -0.04     0.00     0.06     0.16   100 0.99
theta_beta_freq[3,7,5]     0.00    0.01  0.08    -0.14    -0.06    -0.02     0.07     0.15   100 0.99
theta_beta_freq[3,7,6]    -0.03    0.01  0.10    -0.21    -0.10    -0.02     0.04     0.15   100 1.00
theta_beta_freq[3,7,7]     0.00    0.01  0.10    -0.20    -0.06     0.01     0.05     0.18   100 0.99
theta_beta_freq[3,7,8]     0.01    0.01  0.09    -0.17    -0.05     0.02     0.07     0.16   100 1.00
theta_beta_freq[3,8,1]    -0.01    0.01  0.11    -0.20    -0.08    -0.01     0.07     0.17   100 0.99
theta_beta_freq[3,8,2]     0.01    0.01  0.11    -0.19    -0.06     0.02     0.10     0.20   100 0.99
theta_beta_freq[3,8,3]    -0.01    0.01  0.10    -0.18    -0.08     0.00     0.06     0.16   100 0.99
theta_beta_freq[3,8,4]    -0.01    0.01  0.10    -0.24    -0.07    -0.01     0.06     0.18   100 0.99
theta_beta_freq[3,8,5]     0.00    0.01  0.10    -0.17    -0.06     0.00     0.07     0.19   100 0.99
theta_beta_freq[3,8,6]    -0.01    0.01  0.10    -0.17    -0.08    -0.02     0.06     0.16   100 0.99
theta_beta_freq[3,8,7]    -0.01    0.01  0.09    -0.19    -0.08     0.00     0.06     0.14   100 0.99
theta_beta_freq[3,8,8]     0.00    0.01  0.12    -0.26    -0.08     0.00     0.09     0.23   100 0.99
log_prob               -2242.53    1.27 12.67 -2268.73 -2250.08 -2242.51 -2235.08 -2220.59   100 1.02
aic                     5029.06    2.53 25.33  4985.18  5014.15  5029.02  5044.16  5081.45   100 1.02
bic                     5926.20    2.53 25.33  5882.32  5911.29  5926.16  5941.30  5978.59   100 1.02
lp__                   -2447.80    2.53 10.71 -2466.61 -2455.67 -2448.64 -2440.49 -2425.29    18 0.99

Samples were drawn using NUTS(diag_e) at Tue Dec 02 22:55:54 2014.
For each parameter, n_eff is a crude measure of effective sample size,
and Rhat is the potential scale reduction factor on split chains (at 
convergence, Rhat=1).
[1] 200
  [1] 11757  5894 14196 14869 10391 12657 16402  9088  4969 16116 12934  5324 16890 14244  6275 10153  2004  9224 14321 11172  8676 10610 15188  8638 10430   623  3876 14216  1131 13690 10594 13233  3741 11634 14921  8104  8312 13865
 [39]  6061  4823 11925  9219  4150 11231  6665 13273 12115  1754  8409  3460  1699  5561  5501  3739  8043 13893 10709 11866 17212  2155  3917  6664  6638  2118  7008 12819 16412 16097  4001   532   214 11830  4475 13000  3772 16285
 [77] 11752  2060  5150  7465 16893  3432  1500 13305 10345  9902 14089 12180 15614  7017 17360  3341  8997  5912 15695   158 13080 17597  9289  2227  3096 12731 18160  3224  8787 10938  4343 16609 14628 11504 14375 13090  1299 16477
[115]  5995 10163  4731 15701 12694  7957  2516  7334  9722  4417 14181  7687  7837  4985 11055  6353  7109  7383  8008  9605 11086  4287 10588  8126 16943 15446 14240 10103  7321  3308  3240  6905  4492  6382 14144 16813  2032  7584
[153] 15908 13013  8475 14700 11853 10296 18090  8239  2643 10427 18114 11280  2414  8240 11094  5045  7106  8738 12236 12506  2387 10240  6146  7381 14635  6659  7319 12233  3074  1046  4168  9110 12420  1175 18286 16085 17358 17724
[191] 16997  7453 16079 10393  7899  7589  2361  6326 13213  7846
