[[1]]
Inference for Stan model: temp.
1 chains, each with iter=2000; warmup=1000; thin=1; 
post-warmup draws per chain=1000, total post-warmup draws=1000.

                    mean se_mean   sd    2.5%     25%     50%     75%   97.5% n_eff Rhat
phi_alpha[1,1]      0.15    0.01 0.15   -0.13    0.03    0.14    0.26    0.44   150 1.01
phi_alpha[1,2]     -0.14    0.01 0.15   -0.41   -0.25   -0.15   -0.04    0.13   149 1.00
phi_alpha[2,1]     -0.40    0.00 0.09   -0.59   -0.46   -0.40   -0.34   -0.22   826 1.00
phi_alpha[2,2]      0.40    0.00 0.09    0.22    0.34    0.39    0.46    0.58   652 1.00
phi_alpha[3,1]      0.17    0.01 0.14   -0.13    0.07    0.18    0.27    0.42   172 1.01
phi_alpha[3,2]     -0.17    0.01 0.14   -0.44   -0.27   -0.17   -0.06    0.11   191 1.01
phi_beta[1]        -0.03    0.00 0.08   -0.20   -0.08   -0.03    0.02    0.13   603 1.00
phi_beta[2]         0.03    0.00 0.09   -0.14   -0.02    0.03    0.09    0.20   880 1.00
prior_alpha[1]      0.01    0.00 0.06   -0.11   -0.03    0.01    0.05    0.12   731 1.00
prior_alpha[2]     -0.02    0.00 0.06   -0.13   -0.06   -0.02    0.02    0.10  1000 1.00
prior_alpha[3]      0.01    0.00 0.06   -0.10   -0.03    0.01    0.05    0.12  1000 1.00
prior_beta[1]       0.08    0.02 0.18   -0.23   -0.07    0.08    0.24    0.40   116 1.01
prior_beta[2]      -0.21    0.00 0.08   -0.37   -0.26   -0.21   -0.15   -0.06   804 1.00
prior_beta[3]       0.12    0.02 0.18   -0.22   -0.04    0.14    0.27    0.42   123 1.00
theta_alpha[1,1]    0.03    0.00 0.10   -0.16   -0.04    0.02    0.10    0.23   661 1.00
theta_alpha[1,2]   -0.04    0.00 0.11   -0.26   -0.12   -0.04    0.03    0.18   567 1.00
theta_alpha[1,3]    0.01    0.00 0.10   -0.18   -0.05    0.01    0.08    0.22   791 1.00
theta_alpha[2,1]   -0.09    0.00 0.11   -0.28   -0.17   -0.10   -0.02    0.12  1000 1.00
theta_alpha[2,2]    0.18    0.00 0.11   -0.01    0.11    0.18    0.26    0.38   793 1.00
theta_alpha[2,3]   -0.09    0.00 0.10   -0.31   -0.16   -0.09   -0.02    0.11   877 1.00
theta_alpha[3,1]    0.03    0.00 0.11   -0.17   -0.05    0.02    0.10    0.23  1000 1.00
theta_alpha[3,2]   -0.05    0.01 0.11   -0.27   -0.12   -0.04    0.03    0.15   430 1.00
theta_alpha[3,3]    0.03    0.00 0.11   -0.19   -0.04    0.03    0.10    0.24   688 1.00
theta_beta[1]      -0.15    0.00 0.09   -0.33   -0.22   -0.15   -0.09    0.03   645 1.00
theta_beta[2]       0.32    0.00 0.08    0.18    0.27    0.32    0.37    0.48   748 1.00
theta_beta[3]      -0.16    0.00 0.09   -0.33   -0.22   -0.17   -0.10    0.02   863 1.00
lp__             -658.57    0.17 3.52 -665.94 -660.78 -658.32 -656.05 -652.80   431 1.00

Samples were drawn using NUTS(diag_e) at Mon Nov 24 00:49:04 2014.
For each parameter, n_eff is a crude measure of effective sample size,
and Rhat is the potential scale reduction factor on split chains (at 
convergence, Rhat=1).

[[2]]
Inference for Stan model: temp.
1 chains, each with iter=2000; warmup=1000; thin=1; 
post-warmup draws per chain=1000, total post-warmup draws=1000.

                    mean se_mean   sd    2.5%     25%     50%     75%   97.5% n_eff Rhat
phi_alpha[1,1]      0.08    0.09 0.26   -0.51   -0.01    0.16    0.26    0.42     7 1.12
phi_alpha[1,2]     -0.08    0.09 0.26   -0.43   -0.27   -0.15    0.02    0.49     7 1.11
phi_alpha[2,1]      0.15    0.02 0.15   -0.13    0.03    0.15    0.25    0.42    77 1.00
phi_alpha[2,2]     -0.15    0.02 0.15   -0.43   -0.26   -0.14   -0.03    0.13    84 1.00
phi_alpha[3,1]     -0.32    0.07 0.21   -0.58   -0.44   -0.38   -0.28    0.22     8 1.14
phi_alpha[3,2]      0.32    0.08 0.21   -0.25    0.29    0.38    0.46    0.57     8 1.16
phi_beta[1]        -0.03    0.00 0.08   -0.19   -0.09   -0.03    0.02    0.12   480 1.00
phi_beta[2]         0.03    0.00 0.08   -0.12   -0.02    0.03    0.08    0.19   452 1.00
prior_alpha[1]      0.01    0.00 0.06   -0.11   -0.03    0.01    0.05    0.13   342 1.01
prior_alpha[2]      0.01    0.00 0.06   -0.11   -0.04    0.01    0.05    0.13   491 1.00
prior_alpha[3]     -0.01    0.00 0.06   -0.12   -0.05   -0.01    0.03    0.10   793 1.00
prior_beta[1]       0.09    0.06 0.21   -0.30   -0.08    0.12    0.27    0.43    12 1.02
prior_beta[2]       0.09    0.03 0.19   -0.23   -0.07    0.07    0.25    0.41    29 1.00
prior_beta[3]      -0.16    0.04 0.14   -0.37   -0.25   -0.18   -0.11    0.24    15 1.09
theta_alpha[1,1]    0.06    0.02 0.12   -0.16   -0.02    0.05    0.14    0.33    27 1.08
theta_alpha[1,2]    0.00    0.02 0.12   -0.22   -0.08    0.00    0.09    0.23    40 1.03
theta_alpha[1,3]   -0.06    0.01 0.11   -0.26   -0.14   -0.07    0.02    0.17   233 1.01
theta_alpha[2,1]    0.01    0.01 0.11   -0.20   -0.07    0.01    0.08    0.21    64 1.01
theta_alpha[2,2]    0.03    0.00 0.10   -0.17   -0.04    0.03    0.10    0.23   464 1.00
theta_alpha[2,3]   -0.03    0.01 0.11   -0.24   -0.11   -0.03    0.04    0.18   199 1.03
theta_alpha[3,1]   -0.08    0.01 0.10   -0.28   -0.15   -0.08   -0.02    0.10   372 1.01
theta_alpha[3,2]   -0.07    0.01 0.11   -0.28   -0.14   -0.07    0.01    0.13    78 1.02
theta_alpha[3,3]    0.15    0.03 0.12   -0.11    0.08    0.16    0.24    0.38    22 1.05
theta_beta[1]      -0.09    0.07 0.20   -0.33   -0.21   -0.14   -0.05    0.40     7 1.18
theta_beta[2]      -0.16    0.00 0.09   -0.34   -0.22   -0.16   -0.10    0.02   479 1.00
theta_beta[3]       0.24    0.07 0.20   -0.24    0.23    0.30    0.36    0.47     7 1.17
lp__             -658.69    0.17 3.53 -666.36 -661.01 -658.52 -656.17 -652.43   456 1.00

Samples were drawn using NUTS(diag_e) at Mon Nov 24 00:52:08 2014.
For each parameter, n_eff is a crude measure of effective sample size,
and Rhat is the potential scale reduction factor on split chains (at 
convergence, Rhat=1).

[[3]]
Inference for Stan model: temp.
1 chains, each with iter=2000; warmup=1000; thin=1; 
post-warmup draws per chain=1000, total post-warmup draws=1000.

                    mean se_mean   sd    2.5%     25%     50%     75%   97.5% n_eff Rhat
phi_alpha[1,1]     -0.01    0.14 0.28   -0.52   -0.30    0.06    0.21    0.40     4 1.46
phi_alpha[1,2]      0.01    0.14 0.28   -0.39   -0.22   -0.06    0.30    0.52     4 1.51
phi_alpha[2,1]     -0.24    0.13 0.27   -0.56   -0.43   -0.35    0.01    0.34     4 1.41
phi_alpha[2,2]      0.23    0.14 0.27   -0.35    0.01    0.35    0.43    0.54     4 1.45
phi_alpha[3,1]      0.16    0.01 0.14   -0.12    0.06    0.17    0.27    0.42   147 1.01
phi_alpha[3,2]     -0.16    0.01 0.14   -0.44   -0.27   -0.16   -0.06    0.11   205 1.01
phi_beta[1]        -0.03    0.00 0.08   -0.19   -0.09   -0.03    0.02    0.12   921 1.00
phi_beta[2]         0.04    0.00 0.08   -0.13   -0.02    0.04    0.09    0.19   889 1.00
prior_alpha[1]      0.00    0.00 0.06   -0.11   -0.04    0.00    0.04    0.12  1000 1.02
prior_alpha[2]     -0.01    0.00 0.06   -0.12   -0.04   -0.01    0.03    0.10  1000 1.01
prior_alpha[3]      0.01    0.00 0.06   -0.10   -0.03    0.01    0.05    0.12  1000 1.00
prior_beta[1]       0.01    0.08 0.21   -0.30   -0.16   -0.04    0.19    0.39     7 1.28
prior_beta[2]      -0.12    0.08 0.19   -0.37   -0.25   -0.17   -0.07    0.35     6 1.26
prior_beta[3]       0.11    0.02 0.18   -0.22   -0.05    0.12    0.26    0.42   144 1.01
theta_alpha[1,1]    0.07    0.03 0.12   -0.16   -0.01    0.07    0.16    0.32    12 1.12
theta_alpha[1,2]   -0.06    0.01 0.11   -0.27   -0.14   -0.06    0.01    0.15   417 1.01
theta_alpha[1,3]   -0.01    0.03 0.11   -0.24   -0.09   -0.01    0.06    0.19    19 1.09
theta_alpha[2,1]   -0.07    0.00 0.11   -0.28   -0.14   -0.07    0.00    0.15  1000 1.01
theta_alpha[2,2]    0.13    0.04 0.12   -0.12    0.05    0.14    0.23    0.36    11 1.13
theta_alpha[2,3]   -0.06    0.03 0.11   -0.27   -0.14   -0.07    0.01    0.18    18 1.09
theta_alpha[3,1]    0.00    0.00 0.11   -0.22   -0.08    0.00    0.07    0.20  1000 1.03
theta_alpha[3,2]   -0.03    0.01 0.11   -0.26   -0.11   -0.03    0.05    0.19    75 1.03
theta_alpha[3,3]    0.03    0.00 0.10   -0.17   -0.04    0.03    0.10    0.23  1000 1.00
theta_beta[1]      -0.02    0.12 0.23   -0.33   -0.19   -0.11    0.25    0.43     4 1.51
theta_beta[2]       0.18    0.12 0.24   -0.29   -0.08    0.29    0.35    0.47     4 1.49
theta_beta[3]      -0.16    0.00 0.09   -0.32   -0.22   -0.16   -0.11    0.01  1000 1.00
lp__             -658.06    0.16 3.34 -665.12 -660.00 -657.83 -655.62 -652.37   415 1.01

Samples were drawn using NUTS(diag_e) at Mon Nov 24 00:55:39 2014.
For each parameter, n_eff is a crude measure of effective sample size,
and Rhat is the potential scale reduction factor on split chains (at 
convergence, Rhat=1).

[[4]]
Inference for Stan model: temp.
1 chains, each with iter=2000; warmup=1000; thin=1; 
post-warmup draws per chain=1000, total post-warmup draws=1000.

                    mean se_mean   sd    2.5%     25%     50%     75%   97.5% n_eff Rhat
phi_alpha[1,1]     -0.40    0.00 0.09   -0.57   -0.46   -0.40   -0.34   -0.22   882    1
phi_alpha[1,2]      0.40    0.00 0.09    0.22    0.33    0.40    0.46    0.58  1000    1
phi_alpha[2,1]      0.14    0.01 0.15   -0.15    0.03    0.14    0.25    0.41   178    1
phi_alpha[2,2]     -0.14    0.01 0.15   -0.41   -0.24   -0.15   -0.03    0.15   237    1
phi_alpha[3,1]      0.17    0.01 0.14   -0.09    0.07    0.18    0.28    0.44   190    1
phi_alpha[3,2]     -0.17    0.01 0.14   -0.42   -0.28   -0.19   -0.07    0.13   175    1
phi_beta[1]        -0.03    0.00 0.08   -0.19   -0.09   -0.03    0.03    0.12   907    1
phi_beta[2]         0.03    0.00 0.08   -0.12   -0.02    0.04    0.09    0.18   826    1
prior_alpha[1]     -0.02    0.00 0.06   -0.13   -0.06   -0.02    0.02    0.09   756    1
prior_alpha[2]      0.01    0.00 0.06   -0.11   -0.03    0.01    0.05    0.12   790    1
prior_alpha[3]      0.01    0.00 0.06   -0.11   -0.03    0.01    0.05    0.12  1000    1
prior_beta[1]      -0.21    0.00 0.08   -0.36   -0.26   -0.21   -0.15   -0.06  1000    1
prior_beta[2]       0.08    0.02 0.18   -0.22   -0.07    0.05    0.23    0.41   138    1
prior_beta[3]       0.13    0.02 0.18   -0.22   -0.02    0.16    0.28    0.42   127    1
theta_alpha[1,1]    0.18    0.00 0.11   -0.03    0.09    0.18    0.26    0.39  1000    1
theta_alpha[1,2]   -0.09    0.00 0.10   -0.30   -0.16   -0.09   -0.02    0.12   934    1
theta_alpha[1,3]   -0.09    0.00 0.10   -0.28   -0.16   -0.10   -0.02    0.11   813    1
theta_alpha[2,1]   -0.04    0.00 0.11   -0.24   -0.12   -0.05    0.03    0.18   544    1
theta_alpha[2,2]    0.02    0.00 0.10   -0.17   -0.04    0.02    0.09    0.22  1000    1
theta_alpha[2,3]    0.02    0.00 0.10   -0.17   -0.05    0.02    0.08    0.21   681    1
theta_alpha[3,1]   -0.05    0.00 0.11   -0.28   -0.13   -0.05    0.02    0.17   630    1
theta_alpha[3,2]    0.02    0.00 0.10   -0.19   -0.05    0.01    0.09    0.22   839    1
theta_alpha[3,3]    0.04    0.01 0.11   -0.18   -0.04    0.04    0.11    0.27   483    1
theta_beta[1]       0.33    0.00 0.08    0.16    0.27    0.33    0.38    0.48   784    1
theta_beta[2]      -0.16    0.00 0.09   -0.32   -0.22   -0.16   -0.10    0.01   716    1
theta_beta[3]      -0.16    0.00 0.09   -0.33   -0.22   -0.16   -0.10    0.01   744    1
lp__             -658.61    0.23 3.85 -667.21 -660.92 -658.06 -655.82 -652.27   284    1

Samples were drawn using NUTS(diag_e) at Mon Nov 24 00:59:01 2014.
For each parameter, n_eff is a crude measure of effective sample size,
and Rhat is the potential scale reduction factor on split chains (at 
convergence, Rhat=1).

[[5]]
Inference for Stan model: temp.
1 chains, each with iter=2000; warmup=1000; thin=1; 
post-warmup draws per chain=1000, total post-warmup draws=1000.

                    mean se_mean   sd    2.5%     25%     50%     75%   97.5% n_eff Rhat
phi_alpha[1,1]     -0.40    0.00 0.09   -0.59   -0.46   -0.40   -0.34   -0.22   514 1.00
phi_alpha[1,2]      0.40    0.00 0.09    0.22    0.34    0.40    0.46    0.57   486 1.00
phi_alpha[2,1]      0.15    0.01 0.14   -0.14    0.05    0.15    0.25    0.40   160 1.00
phi_alpha[2,2]     -0.15    0.01 0.15   -0.43   -0.26   -0.16   -0.04    0.13   145 1.00
phi_alpha[3,1]      0.16    0.01 0.15   -0.14    0.06    0.17    0.27    0.42   143 1.00
phi_alpha[3,2]     -0.16    0.01 0.15   -0.42   -0.27   -0.17   -0.06    0.13   144 1.00
phi_beta[1]        -0.03    0.00 0.08   -0.19   -0.09   -0.04    0.02    0.12   625 1.00
phi_beta[2]         0.03    0.00 0.08   -0.14   -0.02    0.03    0.08    0.18   580 1.00
prior_alpha[1]     -0.02    0.00 0.06   -0.13   -0.06   -0.02    0.02    0.10   840 1.00
prior_alpha[2]      0.01    0.00 0.06   -0.11   -0.03    0.01    0.05    0.12   699 1.00
prior_alpha[3]      0.01    0.00 0.06   -0.10   -0.03    0.01    0.05    0.12   422 1.00
prior_beta[1]      -0.20    0.00 0.09   -0.37   -0.26   -0.20   -0.14   -0.04   772 1.00
prior_beta[2]       0.10    0.02 0.18   -0.22   -0.06    0.10    0.25    0.42   113 1.00
prior_beta[3]       0.11    0.02 0.18   -0.22   -0.04    0.13    0.25    0.42   114 1.00
theta_alpha[1,1]    0.18    0.00 0.11   -0.02    0.11    0.18    0.26    0.39   706 1.00
theta_alpha[1,2]   -0.09    0.00 0.10   -0.30   -0.16   -0.09   -0.02    0.12   638 1.00
theta_alpha[1,3]   -0.09    0.00 0.10   -0.31   -0.16   -0.09   -0.02    0.11   896 1.00
theta_alpha[2,1]   -0.05    0.01 0.11   -0.26   -0.12   -0.05    0.03    0.16   424 1.00
theta_alpha[2,2]    0.03    0.00 0.10   -0.17   -0.04    0.03    0.10    0.22   723 1.00
theta_alpha[2,3]    0.01    0.00 0.10   -0.18   -0.05    0.02    0.09    0.21   651 1.00
theta_alpha[3,1]   -0.05    0.01 0.11   -0.27   -0.13   -0.05    0.02    0.16   442 1.00
theta_alpha[3,2]    0.02    0.00 0.10   -0.17   -0.05    0.02    0.09    0.23   733 1.00
theta_alpha[3,3]    0.03    0.00 0.10   -0.19   -0.04    0.03    0.10    0.23   576 1.00
theta_beta[1]       0.32    0.00 0.08    0.17    0.26    0.32    0.37    0.49   454 1.00
theta_beta[2]      -0.16    0.00 0.09   -0.33   -0.22   -0.16   -0.10    0.01   516 1.00
theta_beta[3]      -0.17    0.00 0.09   -0.34   -0.23   -0.17   -0.11    0.02   352 1.01
lp__             -658.83    0.17 3.57 -666.95 -660.81 -658.53 -656.26 -652.87   419 1.00

Samples were drawn using NUTS(diag_e) at Mon Nov 24 01:02:04 2014.
For each parameter, n_eff is a crude measure of effective sample size,
and Rhat is the potential scale reduction factor on split chains (at 
convergence, Rhat=1).

[[6]]
Inference for Stan model: temp.
1 chains, each with iter=2000; warmup=1000; thin=1; 
post-warmup draws per chain=1000, total post-warmup draws=1000.

                    mean se_mean   sd    2.5%     25%     50%     75%   97.5% n_eff Rhat
phi_alpha[1,1]     -0.40    0.00 0.10   -0.59   -0.47   -0.40   -0.33   -0.22   840    1
phi_alpha[1,2]      0.40    0.00 0.09    0.24    0.34    0.40    0.45    0.58  1000    1
phi_alpha[2,1]      0.15    0.01 0.15   -0.13    0.04    0.15    0.26    0.41   167    1
phi_alpha[2,2]     -0.14    0.01 0.14   -0.41   -0.25   -0.15   -0.04    0.14   179    1
phi_alpha[3,1]      0.16    0.01 0.15   -0.12    0.06    0.16    0.26    0.44   182    1
phi_alpha[3,2]     -0.16    0.01 0.15   -0.45   -0.27   -0.16   -0.05    0.11   159    1
phi_beta[1]        -0.02    0.00 0.08   -0.17   -0.08   -0.03    0.03    0.13   852    1
phi_beta[2]         0.04    0.00 0.08   -0.12   -0.01    0.04    0.09    0.20   750    1
prior_alpha[1]     -0.02    0.00 0.05   -0.13   -0.06   -0.02    0.02    0.09   899    1
prior_alpha[2]      0.01    0.00 0.06   -0.10   -0.03    0.01    0.05    0.13   696    1
prior_alpha[3]      0.01    0.00 0.06   -0.10   -0.03    0.01    0.05    0.13   422    1
prior_beta[1]      -0.21    0.00 0.08   -0.37   -0.26   -0.21   -0.15   -0.05   881    1
prior_beta[2]       0.09    0.02 0.19   -0.23   -0.07    0.09    0.25    0.41   124    1
prior_beta[3]       0.11    0.02 0.18   -0.22   -0.05    0.12    0.25    0.41   114    1
theta_alpha[1,1]    0.18    0.00 0.10   -0.01    0.12    0.18    0.24    0.37   792    1
theta_alpha[1,2]   -0.09    0.00 0.11   -0.30   -0.16   -0.09   -0.02    0.11   927    1
theta_alpha[1,3]   -0.09    0.00 0.10   -0.29   -0.16   -0.09   -0.02    0.10   735    1
theta_alpha[2,1]   -0.05    0.00 0.11   -0.26   -0.12   -0.05    0.03    0.16   475    1
theta_alpha[2,2]    0.03    0.00 0.11   -0.20   -0.04    0.03    0.10    0.25   525    1
theta_alpha[2,3]    0.02    0.00 0.10   -0.19   -0.05    0.02    0.08    0.22   833    1
theta_alpha[3,1]   -0.05    0.00 0.11   -0.27   -0.12   -0.04    0.02    0.15   614    1
theta_alpha[3,2]    0.02    0.00 0.10   -0.17   -0.05    0.02    0.09    0.21   748    1
theta_alpha[3,3]    0.03    0.00 0.11   -0.18   -0.04    0.03    0.10    0.25   513    1
theta_beta[1]       0.32    0.00 0.08    0.17    0.28    0.32    0.37    0.47   678    1
theta_beta[2]      -0.16    0.00 0.09   -0.33   -0.22   -0.16   -0.10    0.01   554    1
theta_beta[3]      -0.16    0.00 0.09   -0.34   -0.22   -0.16   -0.10    0.02   685    1
lp__             -658.31    0.17 3.54 -666.11 -660.43 -658.10 -655.72 -652.26   453    1

Samples were drawn using NUTS(diag_e) at Mon Nov 24 01:05:19 2014.
For each parameter, n_eff is a crude measure of effective sample size,
and Rhat is the potential scale reduction factor on split chains (at 
convergence, Rhat=1).

[[7]]
Inference for Stan model: temp.
1 chains, each with iter=2000; warmup=1000; thin=1; 
post-warmup draws per chain=1000, total post-warmup draws=1000.

                    mean se_mean   sd    2.5%     25%     50%     75%   97.5% n_eff Rhat
phi_alpha[1,1]     -0.40    0.00 0.09   -0.58   -0.47   -0.40   -0.34   -0.23   798 1.00
phi_alpha[1,2]      0.40    0.00 0.10    0.22    0.34    0.40    0.47    0.59   591 1.00
phi_alpha[2,1]      0.16    0.01 0.14   -0.12    0.07    0.17    0.26    0.41   201 1.01
phi_alpha[2,2]     -0.16    0.01 0.15   -0.42   -0.27   -0.17   -0.05    0.12   154 1.02
phi_alpha[3,1]      0.15    0.01 0.14   -0.14    0.04    0.16    0.25    0.42   153 1.02
phi_alpha[3,2]     -0.15    0.02 0.15   -0.41   -0.26   -0.15   -0.05    0.14    90 1.02
phi_beta[1]        -0.02    0.00 0.08   -0.18   -0.08   -0.02    0.03    0.12   673 1.00
phi_beta[2]         0.04    0.00 0.08   -0.12   -0.02    0.04    0.09    0.20   608 1.00
prior_alpha[1]     -0.02    0.00 0.06   -0.13   -0.06   -0.02    0.02    0.09   769 1.00
prior_alpha[2]      0.01    0.00 0.06   -0.11   -0.03    0.01    0.05    0.13   528 1.00
prior_alpha[3]      0.01    0.00 0.06   -0.10   -0.03    0.01    0.05    0.13   301 1.00
prior_beta[1]      -0.21    0.00 0.09   -0.37   -0.26   -0.20   -0.15   -0.04   810 1.00
prior_beta[2]       0.11    0.02 0.18   -0.22   -0.04    0.13    0.25    0.42    75 1.02
prior_beta[3]       0.09    0.02 0.18   -0.23   -0.05    0.09    0.24    0.40   118 1.02
theta_alpha[1,1]    0.18    0.00 0.11   -0.03    0.11    0.18    0.25    0.39   816 1.00
theta_alpha[1,2]   -0.10    0.00 0.10   -0.32   -0.17   -0.10   -0.03    0.10   989 1.00
theta_alpha[1,3]   -0.09    0.00 0.10   -0.28   -0.16   -0.08   -0.02    0.10   663 1.00
theta_alpha[2,1]   -0.05    0.01 0.11   -0.27   -0.13   -0.05    0.03    0.15   430 1.00
theta_alpha[2,2]    0.02    0.00 0.11   -0.18   -0.04    0.02    0.09    0.24   643 1.01
theta_alpha[2,3]    0.02    0.00 0.10   -0.19   -0.05    0.02    0.09    0.20   596 1.01
theta_alpha[3,1]   -0.05    0.01 0.11   -0.26   -0.12   -0.05    0.03    0.16   336 1.00
theta_alpha[3,2]    0.02    0.00 0.10   -0.18   -0.05    0.02    0.09    0.21   971 1.00
theta_alpha[3,3]    0.03    0.00 0.11   -0.19   -0.04    0.03    0.10    0.23   665 1.00
theta_beta[1]       0.32    0.00 0.08    0.18    0.28    0.32    0.38    0.48   736 1.00
theta_beta[2]      -0.16    0.00 0.09   -0.34   -0.22   -0.16   -0.10    0.00   621 1.00
theta_beta[3]      -0.16    0.00 0.09   -0.34   -0.22   -0.16   -0.10    0.00   589 1.00
lp__             -658.76    0.18 3.64 -666.70 -661.30 -658.37 -656.13 -652.63   416 1.00

Samples were drawn using NUTS(diag_e) at Mon Nov 24 01:08:35 2014.
For each parameter, n_eff is a crude measure of effective sample size,
and Rhat is the potential scale reduction factor on split chains (at 
convergence, Rhat=1).

[[8]]
Inference for Stan model: temp.
1 chains, each with iter=2000; warmup=1000; thin=1; 
post-warmup draws per chain=1000, total post-warmup draws=1000.

                    mean se_mean   sd    2.5%     25%     50%     75%   97.5% n_eff Rhat
phi_alpha[1,1]      0.14    0.01 0.15   -0.13    0.03    0.14    0.26    0.43   267 1.01
phi_alpha[1,2]     -0.14    0.01 0.15   -0.42   -0.24   -0.14   -0.03    0.14   303 1.01
phi_alpha[2,1]     -0.39    0.00 0.09   -0.57   -0.46   -0.39   -0.33   -0.21   823 1.00
phi_alpha[2,2]      0.41    0.00 0.09    0.22    0.35    0.41    0.47    0.58   677 1.01
phi_alpha[3,1]      0.17    0.01 0.15   -0.12    0.06    0.18    0.28    0.44   237 1.00
phi_alpha[3,2]     -0.17    0.01 0.14   -0.42   -0.27   -0.18   -0.07    0.13   299 1.01
phi_beta[1]        -0.03    0.00 0.08   -0.18   -0.09   -0.03    0.02    0.12   769 1.00
phi_beta[2]         0.03    0.00 0.07   -0.11   -0.02    0.03    0.08    0.18   634 1.01
prior_alpha[1]      0.01    0.00 0.06   -0.11   -0.03    0.01    0.04    0.12   719 1.01
prior_alpha[2]     -0.02    0.00 0.06   -0.13   -0.06   -0.02    0.02    0.09  1000 1.00
prior_alpha[3]      0.01    0.00 0.06   -0.10   -0.03    0.01    0.05    0.12   657 1.00
prior_beta[1]       0.09    0.01 0.18   -0.22   -0.06    0.07    0.24    0.40   192 1.01
prior_beta[2]      -0.21    0.00 0.08   -0.37   -0.26   -0.21   -0.15   -0.04  1000 1.00
prior_beta[3]       0.12    0.01 0.18   -0.23   -0.03    0.14    0.27    0.43   209 1.00
theta_alpha[1,1]    0.02    0.00 0.11   -0.19   -0.06    0.02    0.10    0.22   539 1.00
theta_alpha[1,2]   -0.04    0.00 0.11   -0.26   -0.11   -0.04    0.04    0.16   711 1.00
theta_alpha[1,3]    0.03    0.00 0.11   -0.18   -0.05    0.02    0.10    0.23   699 1.00
theta_alpha[2,1]   -0.09    0.00 0.11   -0.28   -0.16   -0.08   -0.02    0.12   780 1.00
theta_alpha[2,2]    0.18    0.00 0.11   -0.03    0.10    0.18    0.25    0.38   678 1.00
theta_alpha[2,3]   -0.10    0.00 0.10   -0.29   -0.17   -0.10   -0.03    0.10   587 1.00
theta_alpha[3,1]    0.02    0.00 0.10   -0.16   -0.05    0.03    0.09    0.22  1000 1.00
theta_alpha[3,2]   -0.06    0.00 0.11   -0.27   -0.13   -0.05    0.02    0.15  1000 1.00
theta_alpha[3,3]    0.04    0.00 0.10   -0.16   -0.03    0.04    0.10    0.24   636 1.00
theta_beta[1]      -0.16    0.00 0.08   -0.33   -0.21   -0.16   -0.10    0.00   713 1.00
theta_beta[2]       0.32    0.00 0.07    0.18    0.27    0.32    0.38    0.47   781 1.00
theta_beta[3]      -0.16    0.00 0.08   -0.32   -0.21   -0.16   -0.11    0.01   736 1.00
lp__             -658.45    0.18 3.69 -666.51 -660.44 -658.07 -655.83 -652.35   419 1.01

Samples were drawn using NUTS(diag_e) at Mon Nov 24 01:11:55 2014.
For each parameter, n_eff is a crude measure of effective sample size,
and Rhat is the potential scale reduction factor on split chains (at 
convergence, Rhat=1).

[[9]]
Inference for Stan model: temp.
1 chains, each with iter=2000; warmup=1000; thin=1; 
post-warmup draws per chain=1000, total post-warmup draws=1000.

                    mean se_mean   sd    2.5%     25%     50%     75%   97.5% n_eff Rhat
phi_alpha[1,1]      0.17    0.01 0.15   -0.12    0.07    0.18    0.29    0.43    98 1.00
phi_alpha[1,2]     -0.17    0.02 0.15   -0.43   -0.28   -0.19   -0.07    0.13    92 1.01
phi_alpha[2,1]     -0.11    0.17 0.30   -0.55   -0.39   -0.07    0.15    0.40     3 2.72
phi_alpha[2,2]      0.10    0.17 0.30   -0.40   -0.16    0.07    0.38    0.55     3 2.68
phi_alpha[3,1]     -0.15    0.16 0.29   -0.56   -0.41   -0.26    0.11    0.38     3 2.54
phi_alpha[3,2]      0.15    0.16 0.29   -0.37   -0.11    0.24    0.41    0.54     3 2.62
phi_beta[1]        -0.03    0.00 0.08   -0.19   -0.09   -0.04    0.02    0.12   533 1.00
phi_beta[2]         0.03    0.00 0.08   -0.13   -0.02    0.03    0.09    0.19   555 1.00
prior_alpha[1]      0.01    0.00 0.06   -0.11   -0.03    0.01    0.05    0.13   648 1.00
prior_alpha[2]      0.00    0.01 0.06   -0.11   -0.04    0.00    0.04    0.12    65 1.05
prior_alpha[3]     -0.01    0.01 0.06   -0.12   -0.05   -0.01    0.04    0.11   121 1.04
prior_beta[1]       0.12    0.02 0.18   -0.22   -0.02    0.15    0.27    0.41    68 1.01
prior_beta[2]      -0.04    0.10 0.20   -0.33   -0.20   -0.10    0.11    0.37     4 1.66
prior_beta[3]      -0.08    0.08 0.19   -0.34   -0.21   -0.14    0.01    0.36     6 1.58
theta_alpha[1,1]    0.03    0.00 0.10   -0.17   -0.04    0.02    0.09    0.24   651 1.00
theta_alpha[1,2]   -0.02    0.03 0.12   -0.26   -0.10   -0.02    0.06    0.20    17 1.14
theta_alpha[1,3]   -0.02    0.02 0.12   -0.25   -0.10   -0.02    0.06    0.21    32 1.10
theta_alpha[2,1]   -0.03    0.03 0.11   -0.25   -0.11   -0.03    0.04    0.18    11 1.22
theta_alpha[2,2]    0.10    0.04 0.13   -0.15    0.01    0.10    0.18    0.34     9 1.32
theta_alpha[2,3]   -0.06    0.01 0.11   -0.28   -0.13   -0.06    0.01    0.16   328 1.03
theta_alpha[3,1]   -0.03    0.03 0.12   -0.25   -0.11   -0.03    0.05    0.19    12 1.27
theta_alpha[3,2]   -0.06    0.01 0.10   -0.26   -0.13   -0.06    0.01    0.16   342 1.05
theta_alpha[3,3]    0.10    0.05 0.13   -0.16    0.01    0.10    0.20    0.35     6 1.45
theta_beta[1]      -0.17    0.00 0.09   -0.34   -0.23   -0.17   -0.11    0.02   667 1.00
theta_beta[2]       0.07    0.15 0.25   -0.30   -0.17   -0.02    0.31    0.45     3 3.18
theta_beta[3]       0.09    0.15 0.26   -0.29   -0.16    0.21    0.32    0.45     3 3.05
lp__             -658.60    0.17 3.58 -666.55 -660.59 -658.38 -656.12 -652.29   456 1.00

Samples were drawn using NUTS(diag_e) at Mon Nov 24 01:14:58 2014.
For each parameter, n_eff is a crude measure of effective sample size,
and Rhat is the potential scale reduction factor on split chains (at 
convergence, Rhat=1).

[[10]]
Inference for Stan model: temp.
1 chains, each with iter=2000; warmup=1000; thin=1; 
post-warmup draws per chain=1000, total post-warmup draws=1000.

                    mean se_mean   sd    2.5%     25%     50%     75%   97.5% n_eff Rhat
phi_alpha[1,1]      0.12    0.03 0.20   -0.40    0.02    0.15    0.26    0.41    33 1.03
phi_alpha[1,2]     -0.13    0.04 0.19   -0.42   -0.27   -0.16   -0.02    0.42    29 1.05
phi_alpha[2,1]      0.16    0.02 0.15   -0.13    0.05    0.16    0.27    0.42    77 1.01
phi_alpha[2,2]     -0.16    0.01 0.15   -0.44   -0.27   -0.16   -0.06    0.13   117 1.01
phi_alpha[3,1]     -0.37    0.03 0.14   -0.57   -0.45   -0.39   -0.32    0.09    26 1.04
phi_alpha[3,2]      0.37    0.03 0.15   -0.09    0.33    0.39    0.45    0.57    27 1.04
phi_beta[1]        -0.03    0.00 0.08   -0.20   -0.09   -0.03    0.02    0.13  1000 1.00
phi_beta[2]         0.03    0.00 0.08   -0.12   -0.02    0.03    0.09    0.18  1000 1.00
prior_alpha[1]      0.01    0.00 0.06   -0.11   -0.03    0.01    0.05    0.13  1000 1.00
prior_alpha[2]      0.01    0.00 0.06   -0.11   -0.03    0.01    0.05    0.13  1000 1.01
prior_alpha[3]     -0.02    0.00 0.06   -0.12   -0.06   -0.02    0.02    0.09  1000 1.00
prior_beta[1]       0.09    0.03 0.19   -0.25   -0.07    0.09    0.26    0.43    48 1.02
prior_beta[2]       0.11    0.02 0.18   -0.21   -0.05    0.10    0.26    0.42   115 1.01
prior_beta[3]      -0.19    0.01 0.10   -0.36   -0.26   -0.20   -0.14    0.01    82 1.02
theta_alpha[1,1]    0.04    0.01 0.11   -0.17   -0.04    0.04    0.11    0.27   138 1.00
theta_alpha[1,2]    0.01    0.00 0.10   -0.17   -0.06    0.01    0.08    0.20   570 1.00
theta_alpha[1,3]   -0.05    0.01 0.11   -0.27   -0.12   -0.05    0.02    0.16   339 1.00
theta_alpha[2,1]    0.02    0.00 0.11   -0.19   -0.05    0.02    0.08    0.23  1000 1.00
theta_alpha[2,2]    0.03    0.00 0.10   -0.17   -0.05    0.02    0.10    0.23   582 1.00
theta_alpha[2,3]   -0.04    0.00 0.12   -0.28   -0.12   -0.04    0.04    0.19  1000 1.00
theta_alpha[3,1]   -0.09    0.00 0.10   -0.28   -0.16   -0.09   -0.02    0.13   691 1.01
theta_alpha[3,2]   -0.09    0.00 0.10   -0.27   -0.15   -0.08   -0.02    0.12  1000 1.00
theta_alpha[3,3]    0.17    0.01 0.11   -0.07    0.09    0.17    0.24    0.36   137 1.01
theta_beta[1]      -0.14    0.03 0.14   -0.35   -0.22   -0.16   -0.09    0.32    29 1.03
theta_beta[2]      -0.17    0.00 0.09   -0.34   -0.22   -0.16   -0.11    0.00  1000 1.00
theta_beta[3]       0.29    0.03 0.13   -0.17    0.26    0.31    0.37    0.47    28 1.03
lp__             -658.29    0.17 3.56 -665.63 -660.69 -658.00 -655.82 -652.07   416 1.00

Samples were drawn using NUTS(diag_e) at Mon Nov 24 01:18:28 2014.
For each parameter, n_eff is a crude measure of effective sample size,
and Rhat is the potential scale reduction factor on split chains (at 
convergence, Rhat=1).

